loading annotations into memory...
Done (t=1.33s)
creating index...
index created!
loading annotations into memory...
Done (t=0.70s)
creating index...
index created!
0.284520238638
0.283943861723
0.283643782139
0.283327132463
0.282619982958
0.282495319843
0.281543076038
0.281050771475
0.280628323555
0.27946382761
0.278639495373
0.277970761061
0.276952147484
0.275538265705
0.273424237967
0.27092859149
0.267743468285
0.264135122299
0.262996554375
0.254886716604
0.250031679869
0.241914838552
0.235461607575
0.231801837683
0.22524471581
0.220708027482
0.209323987365
0.208241894841
0.20565854013
0.200658231974
0.194520384073
0.188124939799
0.18942822516
0.180082723498
0.17969417572
0.185863688588
0.171152815223
0.187463477254
0.17563739419
0.173472031951
0.163240790367
0.162235885859
0.172060549259
0.160364955664
0.159570991993
0.167612016201
0.166701242328
0.170745238662
0.167793929577
0.178359627724
0.171385198832
0.175035491586
0.165391474962
0.168011903763
0.167731925845
0.162289723754
0.173855140805
0.168206065893
0.17293690145
0.172459885478
0.171127438545
0.1755951792
0.168509766459
0.172062814236
0.164441421628
0.17049998045
0.169893145561
0.165193870664
0.157326683402
0.174960225821
0.168158456683
0.174455046654
0.156132221222
0.162772327662
0.157178282738
0.171667471528
0.164786592126
0.156889647245
0.161325916648
0.157504484057
0.167505353689
0.166737556458
0.158361881971
0.161368772388
0.162259221077
0.171312183142
0.165457725525
0.17351770401
0.161018893123
0.163426026702
0.160095244646
0.166930630803
0.165750697255
0.167223751545
0.162981316447
0.155844956636
0.164030984044
0.160972699523
0.167124420404
0.174669474363
0.157150804996
0.16375850141
0.159693002701
0.165194496512
0.163711503148
0.156566396356
0.16645668447
0.156756460667
0.154664412141
0.166923284531
0.156060501933
0.158478155732
0.162717714906
0.166444867849
0.165492385626
0.16529263556
0.161173656583
0.157485961914
0.170279085636
0.157208099961
0.16331268847
0.164894074202
0.16750214994
0.157031461596
0.167132809758
0.162126198411
0.167845353484
0.152037650347
0.16782823205
0.155730947852
0.15655335784
0.157265216112
0.158526450396
0.165059536695
0.161135688424
0.154413476586
0.162155538797
0.155425965786
0.158480793238
0.161212027073
0.15949653089
0.166284948587
0.15966758132
0.163596466184
0.1623339504
0.149060770869
0.159849628806
0.155468866229
0.161062717438
0.161107167602
0.153532072902
0.16173940897
0.167048513889
0.167578041553
0.156479418278
0.153650254011
0.160616323352
0.156853944063
0.157598674297
0.158377334476
0.163173899055
0.16735611856
0.160519227386
0.157881274819
0.15467056632
0.160259768367
0.159708574414
0.156984716654
0.168340623379
0.17074881494
0.158983588219
0.155407831073
0.164157032967
0.166022092104
0.157947301865
0.149905696511
0.148627668619
0.150428786874
0.159781187773
0.159302011132
0.156501278281
0.150570586324
0.15544475615
0.153638571501
0.151822552085
0.158954232931
0.151377424598
0.158139824867
0.159053623676
0.157246097922
0.153309047222
0.155838012695
0.164784550667
0.153834328055
0.157978668809
0.163421988487
0.153151154518
0.150761172175
0.150459855795
0.150542810559
0.158935338259
0.155623406172
0.165565237403
0.145208492875
0.147898778319
0.155939802527
0.148008897901
0.166275337338
0.14986255765
0.15165899694
0.152652621269
0.152663514018
0.15704844892
0.150553405285
0.160756349564
0.155835464597
0.153419271111
0.152035146952
0.146653696895
0.158764109015
0.149637699127
0.16130541265
0.150959342718
0.15427801013
0.152482897043
0.148984819651
0.146727696061
0.157933667302
0.148205786943
0.150240197778
0.153433993459
0.149275913835
0.156879872084
0.14700640738
0.146790787578
0.156164586544
0.151156514883
0.150408178568
0.155801907182
0.149689763784
0.140230864286
0.15119934082
0.154320061207
0.151374772191
0.157252520323
0.153748482466
0.149686604738
0.145757809281
0.146687969565
0.145259201527
0.153855055571
0.154806792736
0.147373139858
0.152839273214
0.162897154689
0.147011145949
0.153347939253
0.150269880891
0.153499633074
0.153857573867
0.158254221082
0.150074779987
0.146944448352
0.155256569386
0.153381168842
0.154599323869
0.154364258051
0.149485215545
0.14739304781
0.150779351592
0.147080361843
0.151013329625
0.154395893216
0.15091343224
0.143830835819
0.149494618177
0.159181639552
0.156936943531
0.146753281355
0.149456217885
0.14299556613
0.146534919739
0.146949529648
0.147088810802
0.150578081608
0.151857078075
0.148396030068
0.146005406976
0.155133634806
0.147306680679
0.144300788641
0.154765933752
0.151972070336
0.147228941321
0.161209136248
0.148459374905
0.144829019904
0.143985316157
0.14666390419
0.150348797441
0.15642349422
0.140690386295
0.147778153419
0.151128619909
0.156745448709
0.149828448892
0.146643877029
0.146806165576
0.143451094627
0.153987720609
0.149536192417
0.145790055394
0.149528577924
0.145435154438
0.153423681855
0.143666654825
0.140382662416
0.152755662799
0.144162639976
0.148497164249
0.161349311471
0.145719826221
0.147152706981
0.147930413485
0.137709870934
0.148917257786
0.144561991096
0.15620316565
0.146197244525
0.15006749332
0.150321394205
0.149725884199
0.142676636577
0.1533126086
0.146880835295
0.14278486371
0.138442084193
0.144444972277
0.148834645748
0.142266079783
0.154963999987
0.144234895706
0.140610277653
0.143264114857
0.145500585437
0.153789699078
0.138567537069
0.137520819902
0.149210184813
0.140925481915
0.147670373321
0.147081017494
0.141850888729
0.15322381258
0.144377171993
0.143003612757
0.148443087935
0.141387984157
0.140464141965
0.150463119149
0.147535860538
0.142634361982
0.152224093676
0.14725446701
0.149264588952
0.139706537127
0.143010318279
0.14362667501
0.14592538774
0.14174233377
0.149214670062
0.147309169173
0.146535396576
0.154875308275
0.144575208426
0.150559306145
0.145614907146
0.158565625548
0.143375337124
0.142211377621
0.143737062812
0.144941478968
0.155323192477
0.141513228416
0.14837372303
0.144108384848
0.140503317118
0.141639426351
0.14431117475
0.140621453524
0.144007652998
0.140212252736
0.140469759703
0.153589814901
0.145152837038
0.14898468554
0.145860508084
0.131517067552
0.146927535534
0.146172598004
0.151510208845
0.147911638021
0.153445288539
0.156331598759
0.141307741404
0.141959026456
0.136911019683
0.143230929971
0.154689893126
0.139162778854
0.145149350166
0.151386588812
0.142697811127
0.141341730952
0.148264274001
0.142727687955
0.143349692225
0.141905039549
0.136270955205
0.14007614553
0.144806608558
0.149081170559
0.139525353909
0.141044408083
0.138885140419
0.140866741538
0.142116129398
0.138077527285
0.155192345381
0.144848406315
0.137288913131
0.145424351096
0.14659717679
0.136505946517
0.143131017685
0.137810155749
0.136109277606
0.143413424492
0.135820925236
0.142885223031
0.146092772484
0.154219642282
0.135111480951
0.138877317309
0.142849043012
0.145416527987
0.136646032333
0.134494304657
0.151706069708
0.137884825468
0.143679395318
0.13705304265
0.142449900508
0.146464243531
0.14895683527
0.149217456579
0.144031152129
0.139269396663
0.134653627872
0.139843523502
0.142606332898
0.13391558826
0.13437859714
0.144125193357
0.133664876223
0.150539055467
0.141113683581
0.14709366858
0.137293815613
0.145833820105
0.13811211288
0.143063500524
0.145481973886
0.155027925968
0.14040273428
0.132556408644
0.140903323889
0.13734023273
0.13577888906
0.134524002671
0.137350276113
0.132044032216
0.150234341621
0.131624788046
0.136421009898
0.134158849716
0.131066024303
0.133841782808
0.140574738383
0.144368857145
0.143275991082
0.140573218465
0.14958781004
0.140273705125
0.133563145995
0.142410323024
0.141483396292
0.131242766976
0.129854083061
0.139450356364
0.140527740121
0.129586413503
0.136760592461
0.149547055364
0.136427268386
0.134895607829
0.134664982557
0.133435040712
0.145778983831
0.152022719383
0.136594563723
0.141316205263
0.138212859631
0.138572067022
0.140812456608
0.131143689156
0.144665256143
0.130001962185
0.132317870855
0.13690084219
0.129880815744
0.146311298013
0.150915414095
0.146227970719
0.149529829621
0.142069876194
0.138567373157
0.138024032116
0.145881593227
0.146954596043
0.139499470592
0.13652767241
0.143026173115
0.141310885549
0.149482950568
0.14031457901
0.140898764133
0.137997314334
0.134294837713
0.150450482965
0.148235872388
0.137896329165
0.127399802208
0.147760257125
0.150987118483
0.134044110775
0.130390658975
0.132646039128
0.147627204657
0.138429775834
0.161333531141
0.133517205715
0.137811824679
0.134024515748
0.136231601238
0.141609922051
0.148455798626
0.143521413207
0.146719679236
0.140825733542
0.134246528149
0.1386423558
0.136561885476
0.136837929487
0.140258729458
0.14592911303
0.134454071522
0.138534396887
0.140661433339
0.13055023551
0.137329533696
0.129019930959
0.140733167529
0.136558055878
0.139689743519
0.138852268457
0.129971459508
0.142883569002
0.141213044524
0.131579264998
0.138483986259
0.136022165418
0.149388939142
0.149449124932
0.136082112789
0.133556097746
0.149415671825
0.136346921325
0.140487611294
0.136104002595
0.136101260781
0.139720499516
0.13490049541
0.136431276798
0.139054477215
0.144946634769
0.129711985588
0.152688071132
0.133204638958
0.144200131297
0.129611849785
0.127018541098
0.144497320056
0.137451961637
0.133483752608
0.141932040453
0.139378502965
0.137643888593
0.134121894836
0.135361999273
0.139362841845
0.128884598613
0.13662737608
0.139457970858
0.141955554485
0.132105380297
0.13628052175
0.132118970156
0.136749505997
0.136430948973
0.138926059008
0.132707834244
0.128043949604
0.132930204272
0.138707071543
0.126332655549
0.127569958568
0.133502960205
0.13698284328
0.139686346054
0.126925781369
0.133734479547
0.135638937354
0.125749751925
0.146661356091
0.128855004907
0.127473458648
0.140316560864
0.126266553998
0.138532206416
0.138806805015
0.131641551852
0.139800027013
0.137197449803
0.136537417769
0.145377874374
0.145938292146
0.125523969531
0.148800522089
0.136476814747
0.142057955265
0.133736267686
0.137442991138
0.145244956017
0.133057147264
0.130638942122
0.139893054962
0.146913230419
0.129175767303
0.13784891367
0.138242051005
0.136877343059
0.138202086091
0.127553701401
0.132543638349
0.124470099807
0.1369882375
0.133125290275
0.130540281534
0.133637085557
0.136959522963
0.136314854026
0.135276064277
0.133995354176
0.131099790335
0.142135456204
0.151806756854
0.127085760236
0.139440149069
0.127857401967
0.129200562835
0.134248629212
0.12587608397
0.136773258448
0.126653894782
0.124496392906
0.126344114542
0.136508539319
0.137551501393
0.143097087741
0.138362005353
0.122995316982
0.11764781177
0.134719207883
0.135362938046
0.127697661519
0.132294729352
0.14388012886
0.130615472794
0.148605823517
0.130816802382
0.127045601606
0.124969884753
0.131313785911
0.138352781534
0.131293192506
0.133372560143
0.140092402697
0.131695017219
0.139190897346
0.124924838543
0.124774307013
0.134099632502
0.135671243072
0.126860037446
0.127430424094
0.138191089034
0.133837640285
0.134639069438
0.140719175339
0.141346558928
0.133308589458
0.128395810723
0.13487637043
0.128119066358
0.144396319985
0.126493811607
0.133889451623
0.131315842271
0.126979991794
0.123350165784
0.128097742796
0.130942553282
0.137898132205
0.124654978514
0.132689774036
0.133595988154
0.126387417316
0.130965277553
0.132729575038
0.133141547441
0.123767264187
0.147385790944
0.143107563257
0.144435718656
0.137181311846
0.129023343325
0.140167504549
0.138551920652
0.135800614953
0.131180897355
0.133462697268
0.127611011267
0.135789334774
0.131224691868
0.132638663054
0.132938817143
0.127352923155
0.1422829777
0.141047433019
0.135523930192
0.138010203838
0.12479994446
0.132877871394
0.125911578536
0.123330421746
0.129259437323
0.134008750319
0.136329129338
0.134953141212
0.131189897656
0.13824442029
0.129817768931
0.133953392506
0.131378576159
0.135465368629
0.132763758302
0.134355947375
0.132178857923
0.124001532793
0.130732834339
0.124463044107
0.131763696671
0.131690487266
0.134846612811
0.137351438403
0.1278963238
0.13714697957
0.137032955885
0.129620417953
0.120568946004
0.12673021853
0.137208655477
0.122671313584
0.124804146588
0.133103311062
0.123331330717
0.137745320797
0.126192420721
0.130195781589
0.130006223917
0.126029089093
0.131737843156
0.126064091921
0.136847093701
0.136164292693
0.133925810456
0.143978983164
0.132629841566
0.140678241849
0.12601262331
0.136316075921
0.140205621719
0.125292554498
0.139752134681
0.128087848425
0.131748333573
0.119601070881
0.123386055231
0.121189780533
0.127032101154
0.137258857489
0.130030483007
0.132683724165
0.129904046655
0.138648837805
0.123035743833
0.132052361965
0.129163786769
0.134146153927
0.129947245121
0.121918052435
0.13054575026
0.119061440229
0.149868234992
0.132791012526
0.122547060251
0.121593542397
0.132743254304
0.124784432352
0.134901881218
0.128685444593
0.121540121734
0.122026823461
0.131236538291
0.129039615393
0.126433625817
0.121552802622
0.124240018427
0.131554469466
0.134157076478
0.131271988153
0.120905138552
0.129693806171
0.130191653967
0.124668411911
0.13692560792
0.13662417233
0.134482368827
0.14628893137
0.129759579897
0.114989906549
0.12528860569
0.131237655878
0.127719804645
0.126727730036
0.119609117508
0.130404323339
0.119472853839
0.12951913476
0.136821046472
0.125515624881
0.123317457736
0.132930025458
0.131079033017
0.117615938187
0.118075929582
0.125491842628
0.131183564663
0.121007539332
0.131040081382
0.130076348782
0.136510446668
0.13395100832
0.129815384746
0.125575244427
0.126871153712
0.141267955303
0.143269792199
0.139480337501
0.120203852654
0.136030524969
0.121890895069
0.128894209862
0.118969142437
0.125230967999
0.127593979239
0.127619117498
0.131219223142
0.118126042187
0.124214932323
0.120315387845
0.126895591617
0.126101791859
0.127046316862
0.118394628167
0.134005382657
0.130535066128
0.129487603903
0.126869574189
0.126037731767
0.121623970568
0.120557136834
0.135485842824
0.120653711259
0.132152587175
0.119650200009
0.123353920877
0.119557030499
0.117967180908
0.115316614509
0.124133951962
0.141270428896
0.143965885043
0.122915364802
0.12033496052
0.127226948738
0.13764052093
0.123668059707
0.123115159571
0.138923406601
0.12177682668
0.127734869719
0.131002634764
0.133702352643
0.124973282218
0.123371563852
0.124768428504
0.126344278455
0.128782078624
0.118437193334
0.142945230007
0.118305779994
0.142707854509
0.117876403034
0.125070825219
0.126322880387
0.127758741379
0.119188629091
0.11913318187
0.125997141004
0.134581372142
0.133753746748
0.116055451334
0.124199718237
0.13290913403
0.12392424047
0.130864217877
0.123911619186
0.125854536891
0.133879989386
0.129631504416
0.128819420934
0.125826507807
0.114917241037
0.122677363455
0.122552901506
0.13734254241
0.133601859212
0.120210438967
0.114508554339
0.127064853907
0.12647087872
0.114000231028
0.120974041522
0.124367751181
0.122767396271
0.134426027536
0.129486232996
0.140987694263
0.120757229626
0.122809194028
0.13039714098
0.136529356241
0.130791276693
0.147327542305
0.122422248125
0.134425655007
0.129911407828
0.121989525855
0.129593044519
0.128376245499
0.124972373247
0.130075603724
0.134148225188
0.126923814416
0.126645252109
0.13808645308
0.124152444303
0.114712968469
