0.284379869699
0.283768624067
0.283835023642
0.282564371824
0.282734543085
0.282431721687
0.282321125269
0.28206679225
0.281804770231
0.280300527811
0.280217170715
0.28086489439
0.280290126801
0.279432237148
0.279875576496
0.279241293669
0.278455138206
0.278911143541
0.278319507837
0.278037458658
0.277330636978
0.276532679796
0.274295121431
0.274492502213
0.27523702383
0.274981290102
0.273649185896
0.271967530251
0.274261474609
0.271175175905
0.27277007699
0.269407242537
0.271560609341
0.26235717535
0.268756091595
0.264044046402
0.266367465258
0.259289234877
0.264480233192
0.255623072386
0.258169859648
0.247623428702
0.256962686777
0.245789185166
0.254787415266
0.241871193051
0.247273981571
0.231991782784
0.243435904384
0.227246969938
0.23608417809
0.220965310931
0.23598113656
0.212609604001
0.226618781686
0.206810951233
0.222586885095
0.203998982906
0.222721472383
0.202825337648
0.21452434361
0.19337567687
0.207148209214
0.19847650826
0.20047609508
0.185677811503
0.204143032432
0.182968840003
0.19474260509
0.176596060395
0.187422201037
0.179501205683
0.184469088912
0.181463852525
0.186926499009
0.182888433337
0.184140890837
0.173002779484
0.187908113003
0.1696985811
0.191369622946
0.170913919806
0.190429180861
0.17237688601
0.177357301116
0.166084036231
0.177328690886
0.17088368535
0.175393208861
0.162368819118
0.172652855515
0.175300493836
0.173225998878
0.168259307742
0.170826196671
0.170521140099
0.175089493394
0.171966046095
0.168317943811
0.17389690876
0.17442946136
0.173186689615
0.170450225472
0.162429243326
0.174815431237
0.159267917275
0.165590599179
0.161131948233
0.163534060121
0.156670883298
0.165512219071
0.167550072074
0.170350253582
0.160291939974
0.169019266963
0.172168821096
0.158917367458
0.167937666178
0.161307483912
0.168816789985
0.164500936866
0.167052552104
0.161209315062
0.159462243319
0.164986252785
0.160917416215
0.163915663958
0.163375228643
0.161483958364
0.165394857526
0.165419355035
0.163815900683
0.165454789996
0.155339494348
0.165496200323
0.164506062865
0.159798875451
0.157939627767
0.163065120578
0.15420922637
0.168107703328
0.151110097766
0.158486545086
0.159026443958
0.162972271442
0.15924924612
0.163345828652
0.157950788736
0.159791395068
0.154190868139
0.1620464921
0.155886441469
0.160205334425
0.146432310343
0.160981819034
0.154977694154
0.153399080038
0.161636903882
0.153602674603
0.162420675159
0.15930595994
0.154538527131
0.150035783648
0.157888770103
0.155693635345
0.148907646537
0.152786716819
0.155974283814
0.15567830205
0.155074283481
0.151388645172
0.156386971474
0.155732214451
0.15318466723
0.160412728786
0.14825566113
0.153091803193
0.159565389156
0.151375904679
0.159326627851
0.158781155944
0.151886180043
0.14807985723
0.152221485972
0.151261106133
0.160293370485
0.148213729262
0.158227980137
0.146725773811
0.15351061523
0.147485718131
0.156430378556
0.1552310884
0.151707455516
0.146136447787
0.151423767209
0.150162324309
0.150528728962
0.144785150886
0.150391161442
0.143200650811
0.147634476423
0.15231873095
0.148779571056
0.153816431761
0.144245028496
0.144522622228
0.143610060215
0.145295515656
0.14449711144
0.148035615683
0.147155374289
0.151742085814
0.154867753386
0.146693468094
0.153922244906
0.145338490605
0.147408366203
0.140482664108
0.144965782762
0.14233058691
0.149046674371
0.146393194795
0.133681669831
0.141292959452
0.141401305795
0.144638553262
0.149678647518
0.146385744214
0.151867330074
0.147753864527
0.142362892628
0.142819494009
0.143919274211
0.142926111817
0.147733166814
0.144491299987
0.146979793906
0.142751842737
0.139115780592
0.137452229857
0.135375991464
0.141597434878
0.14817096293
0.13654242456
0.135739073157
0.1419172436
0.137815192342
0.141385093331
0.145063608885
0.138665243983
0.141541302204
0.137593924999
0.142796769738
0.135135754943
0.131922036409
0.138441741467
0.142969235778
0.13713285327
0.143143847585
0.133839935064
0.137543782592
0.133255258203
0.132905751467
0.14091385901
0.14165827632
0.141534611583
0.139751389623
0.140762090683
0.14003354311
0.132152631879
0.132796943188
0.143837854266
0.13928194344
0.130957216024
0.135202616453
0.141524836421
0.135900124907
0.141429468989
0.133382067084
0.132335171103
0.134152218699
0.130815863609
0.140371918678
0.129362851381
0.133317857981
0.133833304048
0.127615511417
0.132151380181
0.136588528752
0.136922046542
0.132804065943
0.14098803699
0.144547626376
0.138533249497
0.136836305261
0.134523689747
0.142085596919
0.128427475691
0.127780750394
0.13354742527
0.128104940057
0.134793162346
0.127296850085
0.128176689148
0.128945440054
0.131462335587
0.13990278542
0.135990425944
0.123964264989
0.131439819932
0.136925041676
0.133330255747
0.128973096609
0.126453116536
0.140309914947
0.128393486142
0.128642812371
0.127389684319
0.13118802011
0.127420708537
0.127844065428
0.136428162456
0.129697591066
0.120917111635
0.122874058783
0.132781684399
0.131536275148
0.125823736191
0.128091573715
0.124886460602
0.127925366163
0.129496708512
0.127808764577
0.125517070293
0.13594430685
0.122515410185
0.130232587457
0.122930645943
0.121112145483
0.124839857221
0.128497570753
0.122497588396
0.123128935695
0.122468553483
0.130701556802
0.126567453146
0.131943896413
0.124791279435
0.116945385933
0.121816679835
0.123032107949
0.118569657207
0.128435760736
0.127039253712
0.122196689248
0.124760523438
0.124112211168
0.130528077483
0.124117180705
0.118773020804
0.123780831695
0.127253904939
0.113876305521
0.119776800275
0.121056601405
0.130880996585
0.121799707413
0.117259010673
0.119963213801
0.120730794966
0.126442790031
0.117675490677
0.122319556773
0.116111263633
0.118964664638
0.120964117348
0.127030044794
0.124993108213
0.120221070945
0.116392560303
0.128790676594
0.115863256156
0.124282293022
0.122714161873
0.122551344335
0.124087266624
0.11788366735
0.113382421434
0.121058784425
0.119587630033
0.117521949112
0.117955304682
0.110659725964
0.108219780028
0.116817452013
0.123152054846
0.12414778769
0.116670653224
0.122390449047
0.116726122797
0.112611882389
0.118227317929
0.115686543286
0.118819013238
0.114740416408
0.111552037299
0.121748641133
0.123079203069
0.120650961995
0.111428633332
0.124231539667
0.110935017467
0.118977762759
0.115796469152
0.115651026368
0.11371076107
0.124871104956
0.118563383818
0.118540510535
0.110942266881
0.121071904898
0.118259847164
0.118013553321
0.112468227744
0.114674955606
0.112666800618
0.125364109874
0.112330265343
0.107505694032
0.113672047853
0.118673205376
0.113370120525
0.12315428257
0.112456083298
0.124503552914
0.11085523665
0.123817764223
0.105383634567
0.11126550287
0.115250140429
0.116949915886
0.112536378205
0.121127329767
0.117045886815
0.111987471581
0.112941727042
0.11837631464
0.108926378191
0.124576896429
0.118141807616
0.116735950112
0.111461304128
0.117215462029
0.107398435473
0.113359205425
0.112047538161
0.11237924546
0.111031740904
0.114278383553
0.107487536967
0.118720442057
0.11185233295
0.111738629639
0.112911820412
0.110903523862
0.109713844955
0.120697312057
0.106074117124
0.112319976091
0.105692654848
0.106845445931
0.1055585742
0.119054690003
0.105214439332
0.10687661171
0.113122791052
0.118050530553
0.109209679067
0.113365024328
0.11040584743
0.108709290624
0.11172696203
0.109936736524
0.101781450212
0.111599676311
0.101740002632
0.104621767998
0.102260746062
0.104541368783
0.105847239494
0.11117259413
0.106318816543
0.106813170016
0.110489994287
0.107737459242
0.105497293174
0.10742790252
0.105049669743
0.113760471344
0.0995909646153
0.118887521327
0.100306808949
0.112035669386
0.0992652624846
0.107679150999
0.0984887257218
0.11264769733
0.106151647866
0.108720742166
0.113526679575
0.108631826937
0.111011095345
0.0991122871637
0.106149338186
0.109753869474
0.103108562529
0.0997368022799
0.0985481142998
0.0999468490481
0.101797245443
0.111163139343
0.102962248027
0.105292446911
0.0977580174804
0.1031761989
0.102893389761
0.0967974439263
0.107087790966
0.112161211669
0.100859239697
0.0990460664034
0.112612105906
0.109800256789
0.10887093842
0.110885992646
0.10404715687
0.105482764542
0.101472251117
0.109316259623
0.109565749764
0.107126899064
0.098325252533
0.0975587815046
0.0979279577732
0.114092350006
0.0999739766121
0.10959687084
0.101184777915
0.104857966304
0.105510219932
0.0944715738297
0.101292155683
0.102090403438
0.104304544628
0.104438737035
0.095742367208
0.111240282655
0.0930272266269
0.0936633199453
0.0945856869221
0.109352208674
0.101447187364
0.103732608259
0.108166217804
0.0938800275326
0.0979786664248
0.105054080486
0.0906926766038
0.103087753057
0.0953083261847
0.101774796844
0.0953052043915
0.105872891843
0.0943237990141
0.102810889482
0.0974356010556
0.0987915545702
0.0928400605917
0.102054104209
0.092508547008
0.101009614766
0.104356773198
0.101483948529
0.105911359191
0.107972219586
0.0980505421758
0.0979890078306
0.0912409573793
0.104941576719
0.0903291851282
0.101506106555
0.101970784366
0.0973541066051
0.0901729762554
0.101349674165
0.0973529145122
0.0951364338398
0.10001244396
0.100961349905
0.0965935438871
0.10158418119
0.089134439826
0.110634125769
0.0954348891973
0.0896213725209
0.0958026349545
0.0967696011066
0.0937183573842
0.0956853479147
0.0876868143678
0.100959673524
0.0944313928485
0.100696839392
0.0833382457495
0.0871948897839
0.0879058390856
0.0920779332519
0.100786596537
0.0907110273838
0.0888533517718
0.0976331830025
0.0887842476368
0.0969110280275
0.0954955741763
0.101301111281
0.0862917006016
0.101104229689
0.087601557374
0.0942572057247
0.0929861590266
0.108496278524
0.094903036952
0.101924844086
0.082856439054
0.106402307749
0.0940349549055
0.0949741750956
0.0908508971334
0.0920528620481
0.0920270457864
0.0972089618444
0.0888624191284
0.104577027261
0.090621560812
0.0918120890856
0.0906103253365
0.102270528674
0.0915630832314
0.0986909046769
0.0868256315589
0.0914966315031
0.083608366549
0.104390285909
0.0961120501161
0.096928730607
0.0875489264727
0.0861410722136
0.0897207781672
0.090769007802
0.0914434045553
0.0967141166329
0.0878925696015
0.0962818339467
0.0988930910826
0.0936090201139
0.0863469466567
0.0983353108168
0.0933044925332
0.0887909084558
0.0913083702326
0.0987542122602
0.0854001715779
0.0983254685998
0.0826459154487
0.0914843156934
0.0868239924312
0.0959097966552
0.0921318680048
0.0966555178165
0.0774883404374
0.092978335917
0.0908374935389
0.0865646079183
0.0816851630807
0.08158082515
0.0928497835994
0.0891163423657
0.0809720158577
0.0886692851782
0.0860099494457
0.083121471107
0.0786802917719
0.0930074676871
0.0832556337118
0.0856958627701
0.0854397937655
0.0934551730752
0.0886151269078
0.0941475778818
0.0843930616975
0.0821431651711
0.0927631556988
0.0805385708809
0.0789230689406
0.0901491641998
0.0855634883046
0.0912755504251
0.0783395767212
0.0862726420164
0.0840483903885
0.0930568873882
0.0868265777826
0.0808329507709
0.0837357491255
0.0873098596931
0.0783616304398
0.0927738621831
0.0866427123547
0.0825861990452
0.0846481695771
0.0940717235208
0.087985791266
0.0910573452711
0.0804546326399
0.0819576978683
0.0861668884754
0.0815084129572
0.0756082981825
0.0852882191539
0.0827599689364
0.0936360061169
0.0833463892341
0.0986628979445
0.092062458396
0.0920566618443
0.0852762684226
0.0933237746358
0.0790840908885
0.0817152112722
0.0914817601442
0.0922317281365
0.0741144120693
0.0834789201617
0.0812641307712
0.0960045009851
0.0771025717258
0.080328732729
0.0790640935302
0.084665171802
0.0810610204935
0.0787351131439
0.0878257453442
0.0818221718073
0.0783103853464
0.0869096815586
0.086449123919
0.0811215862632
0.0817278251052
0.0774342119694
0.0820993855596
0.0879544019699
0.0754588991404
0.0846690610051
0.082554154098
0.0737981051207
0.0719544291496
0.0839915424585
0.0715390890837
0.0897682607174
0.0927153900266
0.0816807299852
0.0815025120974
0.077719181776
0.0754155889153
0.0780381709337
0.0704414099455
0.0800255089998
0.0869037508965
0.0819476172328
0.0758903846145
0.0767935588956
0.0836868733168
0.0814914628863
0.0776686146855
0.0768067762256
0.0873518884182
0.0926951617002
0.0776178613305
0.0806344524026
0.0686698406935
0.0908541455865
0.077753610909
0.095730535686
0.0743283778429
0.0868329852819
0.073230497539
0.0885498449206
0.075023457408
0.0821392461658
0.080224275589
0.0910540595651
0.0764477774501
0.0902002081275
0.0809124559164
0.0798327997327
0.0750538259745
0.0695115327835
0.0769921764731
0.0819861665368
0.0852600634098
0.0819196328521
0.0664431229234
0.0942557305098
0.0730450972915
0.085788063705
0.0801234990358
0.0777787268162
0.0725436285138
0.077227935195
0.0773415789008
0.0863752067089
0.0841633602977
0.0778671503067
0.0805787965655
0.0881518647075
0.0748629644513
0.0878337696195
0.0808510258794
0.0803434476256
0.0828749611974
0.0830194801092
0.0753606259823
0.080551110208
0.0720358788967
0.0773623585701
0.0905944779515
0.0698053091764
0.0782579705119
0.0814194306731
0.073066227138
0.081676594913
0.0724030286074
0.0876053720713
0.0754255205393
0.0663382932544
0.0823900029063
0.0824358537793
0.0703595727682
0.0883568823338
0.0714904144406
0.0831017419696
0.0638466998935
0.0827713087201
0.0714067071676
0.082237675786
0.0740810632706
0.0854248031974
0.0711755380034
0.0806438699365
0.0789642184973
0.0876029282808
0.0629961341619
0.0783539116383
0.0723727345467
0.0875785425305
0.0623318776488
0.0785250961781
0.0718053802848
0.0835288167
0.0780296400189
0.0757367834449
0.061581633985
0.0800029933453
0.0737889409065
0.0760557129979
0.0781785324216
0.0740017741919
0.0720286294818
0.0886577144265
0.0733007416129
0.0727717354894
0.073815099895
0.0831765085459
0.0666871517897
0.0731137469411
0.0740675628185
0.0696626678109
0.0804698616266
0.0739068314433
0.070940926671
0.0807012021542
0.081532754004
0.0863562598825
0.0725314095616
0.0847920104861
0.0677384361625
0.0775144025683
0.0740856230259
0.0781528130174
0.0726430863142
0.0750587135553
0.0724556669593
0.0906275361776
0.0771096721292
0.0695004835725
0.0679739639163
0.0777677148581
0.076621517539
0.0671681240201
0.0666394233704
0.0702556669712
0.064824141562
0.0877735987306
0.0744593665004
0.0767214819789
0.0744661912322
0.068113066256
0.0699595585465
0.0668142065406
0.0644127726555
0.0740240514278
0.0721867829561
0.07198048383
0.0684696137905
0.0762995555997
0.069432079792
0.0858267471194
0.0651181861758
0.0790759399533
0.0710129663348
0.0733963921666
0.0671262592077
0.0656855478883
0.0701234191656
0.0724163278937
0.0664574578404
0.0732372403145
0.0677771568298
0.0869756415486
0.0714038610458
0.0687030553818
0.0722042769194
0.0664366483688
0.0682964622974
0.0737756341696
0.0642697513103
0.0763070881367
0.0654247328639
0.0725306123495
0.0704208314419
0.0807322189212
0.0643665343523
0.06580491364
0.068861939013
0.0704106613994
0.067181147635
0.0732220411301
0.066715143621
0.0645472183824
0.0604576952755
0.077846057713
0.0742478221655
0.0668631345034
0.0522222481668
0.0615020021796
0.0712927132845
0.0657942220569
0.0712897405028
0.0683163926005
0.0683976709843
0.0689737349749
0.059152405709
0.0648627653718
0.0561933293939
0.0744343400002
0.068102478981
0.0719107463956
0.0557818412781
0.0813082382083
0.0652593299747
0.0755409598351
0.0653391331434
0.0811640769243
0.0667503327131
0.0625758618116
0.065087877214
0.0753394067287
0.0558880977333
0.063730224967
0.0660605505109
0.0658079385757
0.0667324960232
0.0780081599951
0.0657034963369
0.0689041391015
0.0677745491266
0.0742824375629
0.0647268295288
0.0759197771549
0.0700286105275
0.0741646289825
0.0639425367117
0.0634457841516
0.0633096322417
0.0752084180713
0.0554564706981
0.0798853561282
0.0561318658292
0.0760024860501
0.0651840269566
0.0626952648163
0.0633232295513
0.0666228085756
0.0634684935212
0.0693488419056
0.0703310593963
0.0663428679109
0.0636122748256
0.0597681589425
0.0673305466771
0.0708164870739
0.0527444891632
0.0676054283977
0.0617245845497
0.0672479867935
0.0676321983337
0.0666773617268
0.062371339649
0.0666403323412
0.0626041665673
0.0646747350693
0.0635759159923
0.0654429346323
0.0657264143229
0.0659694895148
0.0661577805877
0.0650067180395
0.0633637085557
0.0639623850584
0.0572311095893
0.0753406435251
0.0634874626994
0.0778119936585
0.0573361963034
0.063008338213
0.0614322945476
0.0711886957288
0.0602291747928
0.0655736476183
0.0672368183732
0.0654383599758
0.0580503083766
0.0609259419143
0.0585842952132
0.0722345039248
0.0620377734303
0.063789576292
0.0543610602617
0.0638151615858
0.0507584810257
0.0714299306273
0.0503712296486
0.0687188655138
0.0656298696995
0.0754037201405
0.0596365146339
0.0795626416802
0.0623273178935
0.0666046366096
0.0585138089955
0.0588938631117
0.0626921802759
0.0675645768642
0.0559585243464
0.0613457709551
0.0563316456974
0.067911580205
0.0571566857398
0.0687680393457
0.0560730919242
0.0578189641237
0.0581865571439
0.0628036484122
0.0605644024909
0.0605270192027
0.0549245364964
0.0675430744886
0.0602185726166
0.0529360920191
0.0606644041836
0.0690042898059
0.0561947412789
0.0642512440681
0.0511884950101
0.0725256204605
0.0594392120838
0.0707326084375
0.0577896013856
0.0585427284241
0.0555443502963
0.069341160357
0.0601671896875
0.071568980813
0.050465580076
0.0638369545341
0.0569205284119
0.0678861886263
0.0525428056717
0.0627959147096
0.05996677652
0.071901448071
0.0616312660277
0.0562611222267
0.0667018517852
0.0694565847516
0.0544033311307
0.0634813979268
0.056763343513
0.0531114265323
0.0576826706529
0.0674107447267
0.0518310032785
0.0672165453434
0.0640181824565
0.0574529729784
0.0611561685801
0.0633812919259
0.053294185549
0.0529399812222
0.0537198856473
0.0593386106193
0.0680786892772
0.0616559013724
0.0547863729298
0.0541779249907
0.0503685176373
0.0508280061185
0.0531821511686
0.0662496685982
0.0663579925895
0.0663321912289
0.0597022287548
0.064212732017
0.0571074560285
0.058229919523
0.0576102025807
0.06166863814
0.0608061812818
0.0687869116664
0.0527156330645
0.0579073466361
0.0544893443584
0.053466886282
0.0598424039781
0.0660534128547
0.0459711737931
0.0617778711021
0.0557207018137
0.065348289907
0.045536082238
0.0633010938764
0.0519823282957
0.0585557408631
0.0599197484553
0.0596771202981
0.0449727848172
0.0618201456964
0.0578286349773
0.0605555325747
0.0535983704031
0.0662294626236
0.0531978867948
0.0638046041131
0.0536745861173
0.0604961626232
0.0548478066921
0.0707091391087
0.0435239560902
0.0717046931386
0.0505555644631
0.0619332976639
0.0477551706135
0.060170698911
0.0591556578875
0.0562121681869
0.0564688518643
0.0661396831274
0.0570162832737
0.057454995811
0.0486972741783
0.0522483214736
0.045521158725
0.0534999892116
0.049963183701
0.0607425831258
0.046595711261
0.0636201649904
0.0409719906747
0.0553908757865
0.0527353212237
0.0501594468951
0.0518217012286
0.0588313527405
0.0564768649638
0.0563055276871
0.0566036961973
0.0566818714142
0.0507769361138
0.0568090192974
0.0582744851708
0.0579791888595
0.0617870129645
0.0586312152445
0.0514623150229
0.0601230151951
0.0484646447003
0.0585128441453
0.0405734889209
0.0537762194872
0.0486755147576
0.054557915777
0.0403211042285
0.0513334162533
0.0507693216205
0.0580822266638
0.0515079498291
0.0596711374819
0.0441305600107
0.0615818351507
0.0572754554451
0.0538762100041
0.060351587832
0.0549752525985
0.053787112236
0.0582577101886
0.0539186261594
0.0596489124
0.0529167540371
0.0526102297008
0.0387792848051
0.0556848235428
0.0432411804795
0.0546067394316
0.0479432269931
0.0655194222927
0.0502369105816
0.0509098619223
0.0511144734919
0.0576772615314
0.0499588735402
0.0638848766685
0.0470806770027
0.0556198135018
0.0610125623643
0.0553751289845
0.0377210713923
0.0645927265286
0.0544821321964
0.0550062693655
0.0428881458938
0.0540216565132
0.0531871318817
0.0472122766078
0.0499287843704
0.0504033081234
0.0496382080019
0.0598009079695
0.0368566997349
0.0519609898329
0.049313351512
0.0690146684647
0.046567671001
0.0496360473335
0.0447454489768
0.0582994706929
0.0582379512489
0.0623578839004
0.0487182587385
0.0580599494278
0.0585174895823
0.0530725233257
0.0470397472382
0.0562680512667
0.0601786747575
0.059486925602
0.0448592193425
0.0593913123012
0.0492518544197
0.0534083843231
0.0354413576424
0.0474329143763
0.0479459986091
0.0543499775231
0.0483573004603
0.0498838163912
0.0551482699811
0.0522142574191
0.0501522012055
0.0577423349023
0.0495533011854
0.0478835627437
0.0462140776217
0.0573073253036
0.0395548455417
0.0542504191399
0.0452065095305
0.0552024617791
0.0342670604587
0.0436986871064
0.053627923131
0.0465531609952
0.0452382005751
0.0502963513136
0.0459644980729
0.0570151247084
0.0532762147486
0.0511920936406
0.0335127450526
0.0617592446506
0.0436759702861
0.0482054688036
0.0408077798784
0.0595384649932
0.0516421943903
0.0597754530609
0.0462278462946
0.0586005374789
0.0471338219941
0.0546101145446
0.0485654845834
0.0516522191465
0.0405145809054
0.0484377928078
0.0418042689562
0.05687757954
0.0480179227889
0.0570396706462
0.0417280271649
0.0561602152884
0.0508318692446
0.051878541708
0.0382658317685
0.0550733953714
0.0550421848893
0.058595918119
0.0472336634994
0.0537554584444
0.0421924293041
0.0554407276213
0.0421459041536
0.0547805614769
0.0413340032101
0.0479570478201
0.0480809547007
0.0544299185276
0.049301918596
0.054024156183
0.0473008863628
0.0508887656033
0.0318036340177
0.0455119013786
0.043523799628
0.0541487149894
0.0425534956157
0.0611608475447
0.0461589880288
0.0536083094776
0.0470150709152
0.0519033782184
0.0531999021769
0.0600953996181
0.0421951189637
0.0474741347134
0.0449652858078
0.0580812618136
0.0369836576283
0.0515983775258
0.0387888997793
0.0482071787119
0.0385095402598
0.0518138855696
0.041960965842
0.0401813387871
0.0376960337162
0.0534118488431
0.0465174093843
0.0468208342791
0.0495502278209
0.0474097207189
0.0424428060651
0.0486569665372
0.0401036031544
0.0536150187254
0.035714738071
0.0459682904184
0.0493797175586
0.0495276078582
0.048416890204
0.0483369939029
0.0440176874399
0.0474702231586
0.0613531060517
0.0510330460966
0.0440362840891
0.0464942604303
0.0472665987909
0.0431255474687
0.0498101860285
0.0468642041087
0.035489872098
0.0491047427058
0.0303307864815
0.0547805614769
0.0464313626289
0.0412009172142
0.0456592328846
0.0509407557547
0.0423637367785
0.0565024018288
0.0507828481495
0.0572766065598
0.0441264510155
0.0433516204357
0.0512615330517
0.052703153342
0.0495138354599
0.0472729615867
0.0373502783477
0.048757057637
0.0351596809924
0.0454471856356
0.0432418547571
0.0472982302308
0.0541361570358
0.0525838434696
0.0437649153173
0.0478182397783
0.0400559790432
0.0444524735212
0.0413852147758
0.0550230666995
0.0348684117198
0.0540298894048
0.0439187251031
0.0588787458837
0.0357842668891
0.0496274344623
0.0295044835657
0.0560816973448
0.0474154390395
0.0531668514013
0.0436058938503
0.0487068332732
0.0513730496168
0.0478431992233
0.0525518879294
0.0471703335643
0.0452524796128
0.0469096899033
0.039097443223
0.0503236316144
0.0436422005296
0.0448292680085
0.0414147339761
0.0403783321381
0.0380514264107
0.0443239733577
0.0481253303587
0.0556250624359
0.0348722301424
0.0481817834079
0.0341764092445
0.0488591566682
0.0283609274775
0.0374013669789
0.041551116854
0.0530444607139
0.0354267284274
0.0463447161019
0.0389345027506
0.0462711490691
0.0362222641706
0.0410930737853
0.0315834693611
0.0456647314131
0.0402522757649
0.0438361503184
0.0336885862052
0.0445437915623
0.0411017164588
0.0497258715332
0.0274914205074
0.0377465561032
0.0421276055276
0.0522926673293
0.0400834865868
0.0550790689886
0.0369134955108
0.0470485463738
0.0438462421298
0.0401992835104
0.0452304147184
0.0421369485557
0.0332094170153
0.0452047586441
0.0266378913075
0.0449587441981
0.0411695539951
0.0572199001908
0.0495774634182
0.0532393567264
0.0431280918419
0.0492107719183
0.0336522981524
0.0553343892097
0.034772798419
0.0507855713367
0.0342266969383
0.0366735458374
0.0394102632999
0.0559791773558
0.0381940454245
0.0513911433518
0.0432880930603
0.0495166480541
0.0398152060807
0.0463952794671
0.0345138497651
0.0484988354146
0.0416717715561
0.0380656942725
0.0345315374434
0.0487026795745
0.0305947847664
0.0468115694821
0.0371626392007
0.0420224405825
0.0376212708652
0.0407133735716
0.0452496372163
0.0481749810278
0.0407137461007
0.0482308343053
0.0398474521935
0.0560835301876
0.0335910320282
0.0528797507286
0.0430817119777
0.056656293571
0.0392370969057
0.0418394133449
0.0359794870019
0.0445140302181
0.0345883853734
0.0388630367815
0.0395822711289
0.03777211532
0.0250462647527
0.050482083112
0.0345177985728
0.0611020922661
0.035305891186
0.0392769016325
0.024689424783
0.0408857800066
0.0308668985963
0.0525405704975
0.0389521569014
0.0327144823968
0.0468966402113
0.0444777421653
0.0411544218659
0.0457826368511
0.02404743433
0.045428533107
0.0352901592851
0.0419908687472
0.0334630347788
0.0395475625992
0.0285621080548
0.0447621904314
0.0340090580285
0.0515644364059
0.0488050244749
0.0431399568915
0.0354717709124
0.0444501712918
0.0335509739816
0.0520774163306
0.034460246563
0.0438823513687
0.0330109708011
0.0503032281995
0.037614569068
0.0406797751784
0.0328078195453
0.0355057604611
0.0431444235146
0.0472393147647
0.0376889668405
0.0344951488078
0.0411091409624
0.0453937202692
0.0333414785564
0.0403601229191
0.0336493849754
0.0499761588871
0.0346137396991
0.0412344038486
0.0283718463033
0.0405583456159
0.0354154296219
0.0383421219885
0.0354858115315
0.0498849228024
0.0297737009823
0.0481082759798
0.0416699908674
0.0407606400549
0.0422579012811
0.050162166357
0.0223393701017
0.0396028496325
0.0397316031158
0.0402574539185
0.0375104770064
0.0416686162353
0.0276993513107
0.0364671908319
0.0358379334211
0.0456045046449
0.0434757955372
0.0344857797027
0.0339117199183
0.0452012121677
0.0305671300739
0.0397081524134
0.0454573258758
0.033521246165
0.0383870564401
0.0474422834814
0.0289379283786
0.0488964132965
0.0375060550869
0.0440831296146
0.0217574667186
0.0433349274099
0.0364722460508
0.034538064152
0.0333671234548
0.0419259741902
0.0303904097527
0.0402843132615
0.0336246155202
0.0403955802321
0.0351578742266
0.0459819287062
0.0374611392617
0.042235378176
0.0275224912912
0.0530938021839
0.0374458134174
0.0536458157003
0.0295797102153
0.0379227474332
0.0435200333595
0.0302987415344
0.0391140282154
0.0444589331746
0.0310169775039
0.0461661554873
0.0391562134027
0.0401027053595
0.0305561050773
0.0363689847291
0.0309440921992
0.0432847253978
0.0208284333348
0.0368743762374
0.0373957827687
0.0506683811545
0.0294505227357
0.0387144647539
0.0301543306559
0.0431034974754
0.0256402008235
0.0359681546688
0.0333099253476
0.0453716777265
0.0349517017603
0.0398237295449
0.0360181853175
0.0347164422274
0.0339973308146
0.037883836776
0.0406751893461
0.0411000698805
0.0344459339976
0.0364447310567
0.0270279925317
0.0326083153486
0.0284758638591
0.0359291955829
0.0331312566996
0.0412300825119
0.0269320420921
0.0374467074871
0.0285992845893
0.0468699857593
0.0414147339761
0.0413156449795
0.0347044840455
0.0521425232291
0.0286289844662
0.0401011817157
0.0366182886064
0.0393621325493
0.030964827165
0.0480411276221
0.0303024444729
0.0555702149868
0.0325654894114
0.0326340273023
0.019899237901
0.0496424287558
0.0344828628004
0.0466487146914
0.0373340658844
0.0385582000017
0.0318514369428
0.0469426177442
0.0337800420821
0.0409900061786
0.0394376926124
0.0448982268572
0.0356798507273
0.0345978178084
0.0196103751659
0.0396689735353
0.0193701721728
0.0410419590771
0.0324185751379
0.0353964604437
0.0280474368483
0.0392856299877
0.0389838144183
0.0384293720126
0.0276846811175
0.0528137683868
0.0332259461284
0.0437037050724
0.0317570976913
0.0418317764997
0.0394299477339
0.0436966717243
0.0398144833744
0.0422178655863
0.0315718837082
0.0328174196184
0.0302816722542
0.043936342001
0.0319715440273
0.044506534934
0.0309400167316
0.0441873185337
0.0391659773886
0.0424820110202
0.0281643625349
0.0482107289135
0.0236277226359
0.037706758827
0.0180182028562
0.0372247211635
0.0282468497753
0.0439824610949
0.025777740404
0.0273660458624
0.0249785333872
0.0332505144179
0.0177378859371
0.0374262407422
0.0174966603518
0.0480291284621
0.0356418155134
0.0394349209964
0.0310292411596
0.0441233217716
0.0308862999082
0.0415978394449
0.0288547873497
0.0366219244897
0.0320706926286
0.0388587936759
0.0281501598656
0.0361642166972
0.021024601534
0.0412861518562
0.0251205358654
0.0338515229523
0.0304748956114
0.0358822382987
0.0229163430631
0.0425126515329
0.0419262610376
0.0417510569096
0.0245491918176
0.031078517437
0.031766846776
0.0444749668241
0.0314881503582
0.0466757528484
0.025863436982
0.0417404100299
0.0228854175657
0.0310482308269
0.0161526761949
0.0396786108613
0.0324331335723
0.0412060059607
0.0244590751827
0.054493047297
0.028809664771
0.0368465669453
0.0299541372806
0.0455080196261
0.039045099169
0.0305500347167
0.0375895351171
0.0349201150239
0.0266873650253
0.0437648259103
0.0341418646276
0.0322719663382
0.0286768749356
0.0441395230591
0.0291001144797
0.0446986667812
0.0283609442413
0.0370798408985
0.0328800790012
0.032503772527
0.0156880673021
0.0418308265507
0.0249949619174
0.0355213694274
0.0292664561421
0.0384308770299
0.0232793968171
0.0349979102612
0.0281018707901
0.0372585691512
0.0310973599553
0.0280943978578
0.0153798926622
0.0391480699182
0.0319433547556
0.0405035056174
0.01519327797
0.0340619236231
0.0357748232782
0.0281421653926
0.0306564178318
0.0362154953182
0.0247318483889
0.0272494591773
0.0273071732372
0.0297618880868
0.0272920057178
0.0455702804029
0.0298321321607
0.0314156971872
0.0252316538244
0.03651900962
0.0283047761768
0.0322915576398
0.0304479300976
0.0440262332559
0.0267735328525
0.0357085652649
0.0260801520199
0.0421349853277
0.0310524050146
0.0403291843832
0.0299620945007
0.0323262102902
0.0271139070392
0.0400558225811
0.0275813732296
0.0333791337907
0.0304022394121
0.0316872559488
0.0142684802413
0.035199791193
0.0289310123771
0.0328809842467
0.0274435598403
0.0489692389965
0.0255229715258
0.0320585109293
0.0224907584488
0.0292099192739
0.0292768981308
0.0368777699769
0.0309241358191
0.035079497844
0.0229153316468
0.0319616012275
0.0139474514872
0.0403148792684
0.0137468129396
0.0282856542617
0.0136631028727
0.0410163365304
0.0272533632815
0.0455470085144
0.0259885005653
0.038464538753
0.0302448514849
0.0455336347222
0.021317763254
0.0401581637561
0.0348541066051
0.037071492523
0.0258473567665
0.0249276533723
0.0285605732352
0.0442239940166
0.0315754562616
0.0379320383072
0.039849370718
0.0373552069068
0.0267698485404
0.0337004624307
0.023514803499
0.0381615571678
0.0202593896538
0.0404291376472
0.0248097945005
0.0344053544104
0.0282425992191
0.0291397925466
0.0225231293589
0.0360633581877
0.0234887655824
0.0461343638599
0.0244666654617
0.0351743176579
0.0319269374013
0.0273329857737
0.0203041490167
0.0403801761568
0.024955637753
0.0295598432422
0.0293348673731
0.0325004532933
0.0260488409549
0.0249808039516
0.028168907389
0.0360677875578
0.0264498535544
0.0428345836699
0.0192244295031
0.032663334161
0.0272502452135
0.0334195829928
0.0232373289764
0.0359997749329
0.0188475456089
0.0309050921351
0.0195314418525
0.0322437919676
0.0281252358109
0.0306015852839
0.0249643363059
0.0336127206683
0.0182857066393
0.0407096035779
0.0216251648962
0.0353382751346
0.0186736509204
0.0358294025064
0.0248062405735
0.0323510915041
0.0247665569186
0.0295083671808
0.0258738473058
0.0308031570166
0.0217274297029
0.0426970161498
0.02894109115
0.0313682965934
0.0262952651829
0.0365145616233
0.0208701714873
0.0349058993161
0.0250847563148
0.0405729673803
0.0125105753541
0.0440136454999
