0.284307599068
0.182615697384
0.148843064904
0.14977504313
0.12117370218
0.11904746294
0.104283764958
0.120210886002
0.0967288911343
0.0886719822884
0.0742009580135
0.0947805047035
0.048242777586
0.0781870260835
0.0721255689859
0.0695880129933
0.0571656897664
0.0562336109579
0.0532773956656
0.0573591068387
0.0561267137527
0.0632723495364
0.0438586249948
0.0428319610655
0.0563547164202
0.0446714609861
0.0406213067472
0.0480726510286
0.0408758968115
0.0365958660841
0.0277481917292
0.0329867638648
0.0315343104303
0.034842826426
0.022859858349
0.0264740251005
0.0227638389915
0.033738270402
0.0350776985288
0.0284503623843
0.0297652855515
0.0205520652235
0.028586961329
0.0266516264528
0.0227379724383
0.0263510234654
0.0131839681417
0.0230577737093
0.017316725105
0.0241184737533
0.0247886329889
0.0180260129273
0.0199375413358
0.0200786907226
0.0198886264116
0.0215875934809
0.025408944115
0.0171689148992
0.0188253931701
0.0198788680136
0.0130363088101
0.0152869727463
0.0155148832127
0.0135745331645
0.0187780093402
0.011397074908
0.0149214658886
0.010460825637
0.0164206363261
0.0181568879634
0.0175658855587
0.0119543643668
0.0154841383919
0.0204673670232
0.0172757431865
0.0148396268487
0.0122222304344
0.0106655862182
0.0117466673255
0.0210483018309
0.0130961313844
0.0166966207325
0.0177868269384
0.018168034032
0.0135485986248
0.0113667733967
0.01497276593
0.0085094710812
0.00639785267413
0.0126333404332
0.0207712221891
0.00889666844159
0.017103176564
0.0124205760658
0.0110177891329
0.00958828441799
0.0113740153611
0.0187954567373
0.00714135495946
0.00771942269057
0.0121624292806
0.0164086613804
0.00895461346954
0.0140370754525
0.0124777853489
0.00951949041337
0.0144447125494
0.00641776993871
0.0110420323908
0.00628945231438
0.0107322456315
0.0118877198547
0.00975957512856
0.00884267501533
0.0103766340762
0.00989110022783
0.00884016789496
0.00920036807656
0.00942745059729
0.0119545329362
0.0103946700692
0.0133884437382
0.00955689139664
0.0097604971379
0.00980808120221
0.012157863006
0.00460797315463
0.0119756162167
0.0104300510138
0.00772558478639
0.00745806237683
0.0106417052448
0.00676801102236
0.00948764570057
0.0100597664714
0.00862379278988
0.00797777064145
0.00303846551105
0.00503777386621
0.00960275251418
0.00824567861855
0.00615875655785
0.010483045131
0.0103638786823
0.00807500910014
0.00409305747598
0.00695272255689
0.0025968789123
0.00858622789383
0.00818734616041
0.0110591361299
0.00860564224422
0.0102110970765
0.0111187892035
0.011435107328
0.00541201233864
0.00851457938552
0.00497730402276
0.00741414027289
0.00968512054533
0.00994020048529
0.0116358390078
0.00568130239844
0.00759021146223
0.0102583169937
0.00542176887393
0.00924792792648
0.00708736805245
0.0100823454559
0.00832699146122
0.00449914624915
0.0047030299902
0.00516859488562
0.0120627656579
0.00743523566052
0.00754197640345
0.00770177133381
0.00513842329383
0.00805544666946
0.00859173946083
0.00635368051007
0.00823478307575
0.00648085726425
0.00931408256292
0.00803943164647
0.00762159051374
0.00814964808524
0.00441893050447
0.00473168632016
0.0100918048993
0.00446004746482
0.00413363426924
0.00560339866206
0.00496890908107
0.00640503922477
0.00983459316194
0.0066360863857
0.0100326882675
0.00602243188769
0.0116843301803
0.00611887406558
0.00401822244748
0.00883228518069
0.0045279674232
0.0121753532439
0.0102913705632
0.00586418015882
0.00239698868245
0.0106895593926
0.00661936914548
0.00490828417242
0.00683511048555
0.0104969665408
0.0102768223733
0.00679470505565
0.00908116530627
0.00714822066948
0.00961552280933
0.00499490974471
0.0063082058914
0.00831260532141
0.00863400939852
0.00564628979191
0.00674011744559
0.00516687054187
0.0070579550229
0.00839018076658
0.0051930132322
0.00708695501089
0.00617953157052
0.00612912373617
0.00496255233884
0.00674407510087
0.00465837772936
0.00371905160137
0.00506822485477
0.00454893661663
0.00615253392607
0.00634030485526
0.00347543112002
0.00858927424997
0.00808698125184
0.00397572573274
0.00579700712115
0.0100090550259
0.00955512188375
0.00417571701109
0.00624099094421
0.00575905153528
0.00224103662185
0.00603176793084
0.00435398565605
0.0140043338761
0.00481501268223
0.00355034973472
0.00525487260893
0.00514273811132
0.00543707003817
0.00391420535743
0.0072467639111
0.00546027487144
0.0064286342822
0.00635919719934
0.00316905346699
0.00867079477757
0.00299455411732
0.00397690478712
0.00651017203927
0.00476551707834
0.00400191545486
0.00447337888181
0.00830251350999
0.00482343975455
0.00609317421913
0.00518842693418
0.0101308925077
0.00542233185843
0.00547469872981
0.00648040696979
0.00417045969516
0.00594476703554
0.0029196490068
0.00671250419691
0.00750200543553
0.00269803591073
0.00625321594998
0.0032407627441
0.00877486076206
0.00287753739394
0.00853603426367
0.00393737712875
0.00800296012312
0.00334028364159
0.00725036859512
0.00469108903781
0.00318804662675
0.00260505545884
0.00431801518425
0.0100035881624
0.00658137723804
0.0039247428067
0.00419463403523
0.00674729328603
0.00610305834562
0.00307978410274
0.00820843782276
0.00787021685392
0.00322554120794
0.00638781348243
0.00521370908245
0.00334521662444
0.0086733167991
0.00502978311852
0.00546718388796
0.00217394181527
0.00409825332463
0.00749260094017
0.00393425440416
0.00387324811891
0.00593665475026
0.00734713533893
0.00476014474407
0.00406416459009
0.00318312761374
0.00500218709931
0.00375540438108
0.00358603801578
0.0028250280302
0.00592120783404
0.00614438904449
0.00697532622144
0.00371306249872
0.0057513602078
0.00684569589794
0.00385536137037
0.00745347421616
0.00211330410093
0.00324737047777
0.00351827521808
0.00360091263428
0.00889174919575
0.00330501422286
0.0067148138769
0.0052005359903
0.00418151728809
0.00406027073041
0.0052988473326
0.00533394794911
0.0073549086228
0.00358617072925
0.00492907036096
0.00409427285194
0.00468381680548
0.00745522091165
0.00296652503312
0.00372248888016
0.0030414883513
0.00223317206837
0.00617022905499
0.00589597038925
0.00727599486709
0.00539573235437
0.0029893652536
0.00387391680852
0.00359317846596
0.00334447738715
0.0132454559207
0.0062388246879
0.00593022350222
0.00882027670741
0.00626211799681
0.00568220531568
0.00456168316305
0.00333971716464
0.00273113022558
0.00381034146994
0.00763001106679
0.00468817958608
0.00333549105562
0.00365597917698
0.00832574348897
0.00975646451116
0.0033967262134
0.00627610366791
0.00343324965797
0.00527496589348
0.00357314199209
0.00861104205251
0.00607928959653
0.00629617786035
0.00311613688245
0.00467255106196
0.0033103369642
0.002291707322
0.00392898544669
0.00314019201323
0.00442591542378
0.00486492738128
0.00161110947374
0.00741940131411
0.00771126057953
0.00531710637733
0.00662913359702
0.00520226638764
0.00302093895152
0.00479207513854
0.00158824992832
0.00359451654367
0.00538737792522
0.0055805449374
0.00482619181275
0.00487079890445
0.00483940495178
0.00276544666849
0.0122366547585
0.00746672041714
0.00380979385227
0.00192749570124
0.00738822389394
0.00370567757636
0.00550478091463
0.00484712515026
0.00485976692289
0.00616869656369
0.00607775710523
0.00332088000141
0.0073429257609
0.00304981670342
0.00595292076468
0.00723404623568
0.0044320197776
0.00462178420275
0.00521067716181
0.00479980139062
0.00414639990777
0.00516392011195
0.00832835026085
0.00543688330799
0.00420872820541
0.00366093404591
0.00341259059496
0.00562950735912
0.00756087619811
0.00529950670898
0.00562968710437
0.00185527885333
0.00664661405608
0.00262225372717
0.00332805234939
0.00308000436053
0.00429373374209
0.00492166168988
0.00581914465874
0.00134762434755
0.00496449880302
0.00618446804583
0.00469485251233
0.0025904935319
0.0116732604802
0.00605333410203
0.00501894764602
0.00593047682196
0.00339217251167
0.00511490181088
0.00375420413911
0.00480634858832
0.00416915444657
0.00302917021327
0.00428129453212
0.00121668213978
0.00741269625723
0.00394648034126
0.0031054909341
0.00460177380592
0.00346099562012
0.00635129911825
0.00278786476701
0.00331073463894
0.00253327074461
0.00349963922054
0.00229100976139
0.00648576719686
0.0024208589457
0.00774569297209
0.00389052648097
0.00649246945977
0.006437077187
0.00436154007912
0.00490725785494
0.00229250430129
0.00447788834572
0.00299382419325
0.00253502908163
0.00705457292497
0.00616107229143
0.00467407191172
0.00178458192386
0.0012526223436
0.00582996523008
0.00433779135346
0.00351215689443
0.00635078456253
0.00518118031323
0.00297854002565
0.00840965099633
0.00267804600298
0.00375573616475
0.00201605353504
0.0036543593742
0.00508201634511
0.00162112782709
0.00677063735202
0.00233048154041
0.00634080404416
0.00231413403526
0.00314716319554
0.00381860951893
0.0068142930977
0.00607665488496
0.00699405325577
0.00339590362273
0.00650962162763
0.00102642853744
0.00372285419144
0.00780218467116
0.00621641753241
0.0039795092307
0.00937833823264
0.0064454311505
0.00380357401446
0.00747303897515
0.00473657762632
0.00374187319539
0.00285611045547
0.00208182935603
0.00360744073987
0.00238263397478
0.00776532664895
0.00380495167337
0.00282887858339
0.0041036917828
0.0071323546581
0.00614278158173
0.00768952164799
0.00390390190296
0.00470529869199
0.00920271594077
0.00688823964447
0.00554361985996
0.00716805458069
0.00176656257827
0.00203772401437
0.0049423230812
0.00184966356028
0.00483869249001
0.00382654182613
0.00289465556853
0.00452911807224
0.00795099698007
0.00427874084562
0.00582626787946
0.00440946454182
0.00281289219856
0.00428315624595
0.00492830434814
0.005662642885
0.00847602821887
0.00366445002146
0.00948533136398
0.0048513407819
0.00268976902589
0.00582721270621
0.00503779854625
0.0031272189226
0.0022284835577
0.00682554161176
0.00692269951105
0.00320148351602
0.00658506667241
0.00464829942212
0.00547034200281
0.00344694592059
0.00271364604123
0.0041114022024
0.00448518805206
0.00593517627567
0.00527082663029
0.0019596805796
0.00205345521681
0.00388049939647
0.00483187846839
0.00522199878469
0.0031472647097
0.00773580092937
0.00361753557809
0.00188722694293
0.00236888136715
0.0049752430059
0.00620628101751
0.00318261841312
0.00364921637811
0.00714921858162
0.00625123269856
0.00461692549288
0.00274808914401
0.0037218038924
0.00410547014326
0.00418871548027
0.00305628217757
0.00467967474833
0.00395736470819
0.00325960223563
0.00430048303679
0.00278359884396
0.00415981933475
0.00595079129562
0.0017144914018
0.0031394076068
0.00455389823765
0.00375158875249
0.00303205521777
0.00259806937538
0.00777667062357
0.0056343418546
0.00297179305926
0.00387020898052
0.00310202501714
0.00164401880465
0.00208476418629
0.00399278104305
0.00531242322177
0.00417963135988
0.00527168251574
0.004900587257
0.00386081729084
0.00589784281328
0.00611414154992
0.00468525569886
0.00274652498774
0.00309068174101
0.00630956143141
0.00234567373991
0.00571973714978
0.00332785374485
0.00425219256431
0.00172435049899
0.00375539413653
0.00389589625411
0.00319101009518
0.00437544891611
0.00478915730491
0.00203539966606
0.00433617364615
0.00507951527834
0.00406855111942
0.00636695185676
0.00206267973408
0.00265778205357
0.0018978494918
0.00396241806448
0.00291774445213
0.00531427701935
0.00177689478733
0.0042007016018
0.00680682854727
0.00423790840432
0.00231564114802
0.00243122456595
0.00399298546836
0.00351789873093
0.00409984402359
0.00225803162903
0.00127536372747
0.00264696520753
0.00267310976051
0.00387475709431
0.00520916841924
0.00315145403147
0.00358455302194
0.00610257871449
0.00314789148979
0.00577799091116
0.00440529361367
0.0018906063633
0.00416667666286
0.00759778590873
0.00361143867485
0.0038069547154
0.00475537776947
0.00317308912054
0.00377182778902
0.00351365236565
0.00272431527264
0.0038723112084
0.00136331829708
0.00394366215914
0.0038410499692
0.00653818948194
0.004740760196
0.00227653817274
0.00644330214709
0.00388886569999
0.0025119096972
0.0034588102717
0.00427117571235
0.00364251667634
0.00430623069406
0.00330602796748
0.00115047139116
0.00501248706132
0.00458993623033
0.00452654948458
0.00688470387831
0.00446384306997
0.00358543801121
0.00548590626568
0.00655481079593
0.00354346400127
0.00418496597558
0.00423723785207
0.00255576800555
0.00188619305845
0.00348336412571
0.00174594426062
0.00669859861955
0.00570256030187
0.00168491958175
0.00164431368466
0.0022295047529
0.00129726284649
0.00182869564742
0.0048314598389
0.00259316829033
0.00661256536841
0.00371571001597
0.00291531416588
0.00472711678594
0.00418380880728
0.0029014123138
0.00287226960063
0.00539111113176
0.0031030504033
0.00382813159376
0.00110791402403
0.00342911900952
0.00472363084555
0.00329273403622
0.00239135464653
0.00250289472751
0.00260021374561
0.00476069562137
0.00339571386576
0.00411090394482
0.00339034129865
0.00300653115846
0.00192123290617
0.00154292595107
0.00232848734595
0.00368457660079
0.00169416936114
0.00583734316751
0.0031752451323
0.00166036782321
0.00217562774196
0.00298754754476
0.00205167289823
0.00302783306688
0.0073124114424
0.00479870615527
0.00282122427598
0.0025313294027
0.00342693575658
0.00406901072711
0.00168800237589
0.00206391117536
0.0064651099965
0.00359321222641
0.0032793788705
0.00487186294049
0.000993727473542
0.00232848268934
0.00251289247535
0.00468112388626
0.00173746689688
0.00222840090282
0.00176077941433
0.00254065939225
0.00533624365926
0.0028581044171
0.00265193614177
0.000678620999679
0.00462109688669
0.00167300377507
0.00482533220202
0.00170298910234
0.00396342761815
0.00676528224722
0.00411331886426
0.00160646135919
0.00483935698867
0.00284372922033
0.0010201347759
0.00284553365782
0.00158281764016
0.00463102851063
0.00122978375293
0.00420927349478
0.003274141578
0.00384827470407
0.00158443674445
0.00638486165553
0.00257865898311
0.00328644365072
0.0040501691401
0.00327304261737
0.00419591041282
0.00280671659857
0.00434802379459
0.00367394532077
0.00373428920284
0.00209078285843
0.00157049461268
0.00183317903429
0.00349174113944
0.00381298037246
0.00325396936387
0.00281870551407
0.00616354122758
0.00106212485116
0.00276319985278
0.00317476945929
0.00524482224137
0.00361345754936
0.00244778208435
0.00321195553988
0.00372365582734
0.00552392844111
0.00289799249731
0.00212077819742
0.00436645653099
0.00209335284308
0.00514947157353
0.00578820705414
0.00270342640579
0.00712037133053
0.00422588083893
0.00515350885689
0.00207648170181
0.00216824933887
0.00587418396026
0.00466447789222
0.00554283056408
0.0040689590387
0.00337708415464
0.00738128414378
0.00326600368135
0.00415323581547
0.00162738992367
0.00476676411927
0.00155816308688
0.00252484669909
0.00518774986267
0.00142043526284
0.00199516210705
0.00367329129949
0.00289076729678
0.00433129444718
0.00373824872077
0.00220008962788
0.00306573673151
0.00326484953985
0.00237163901329
0.00432786531746
0.00362821365707
0.00311075081117
0.00204210961238
0.0033217119053
0.00291035301052
0.00219000829384
0.00565898837522
0.0014288633829
0.00479149911553
0.00320026278496
0.00452124141157
0.00289332540706
0.00208773394115
0.00192497007083
0.00393314659595
0.00377346528694
0.00268340902403
0.00353614101186
0.00326599110849
0.0023419985082
0.00329078710638
0.00282404338941
0.00221442943439
0.00349555537105
0.00612902268767
0.00223686289974
0.00163302593865
0.00464281672612
0.00305136479437
0.00319752888754
0.00566544942558
0.00149983691517
0.00178452127147
0.00492364540696
0.0027193329297
0.00160323083401
0.00388670852408
0.00173755700234
0.00237641553394
0.00563043542206
0.00240097544156
0.00324838934466
0.00323774898425
0.00328231975436
0.00131887686439
0.00535714905709
0.00496518053114
0.0022051630076
0.00388282095082
0.0041222544387
0.00166931468993
0.0013072801521
0.00393022317439
0.00486573530361
0.00472466321662
0.000394518137909
0.000375780306058
0.00162017752882
0.00485446536914
0.0027705563698
0.00406663073227
0.0069692581892
0.00250717392191
0.00366456084885
0.00429908558726
0.00145609199535
0.00247752014548
0.00237245182507
0.00141329865437
0.00310285715386
0.00450883619487
0.00413274392486
0.00535630807281
0.00361453043297
0.00421563955024
0.00302067957819
0.00219265697524
0.00311598228291
0.00458232546225
0.00398720614612
0.0028555765748
0.00343216210604
0.00205958820879
0.0023843513336
0.00218655052595
0.00132573232986
0.00198566378094
0.00441583478823
0.00157839013264
0.00245814211667
0.00200250605121
0.00306595861912
0.00311011192389
0.00278642144985
0.00503119872883
0.00333782774396
0.0015063091414
0.00271865911782
0.00296132243238
0.00200176937506
0.00249245204031
0.00306321657263
0.00505807064474
0.00298872566782
0.00293401721865
0.00133738142904
0.00297859171405
0.00133714685217
0.00240206136368
0.00479782698676
0.00536281522363
0.00420349137858
0.00206115841866
0.0043793185614
0.00499559985474
0.00183988315985
0.00180491933133
0.00741940597072
0.00180876685772
0.00260379794054
0.00427946215495
0.00109723454807
0.00374353560619
0.00279140891507
0.00351467402652
0.00275520049036
0.00432635424659
0.00269200513139
0.00374332698993
0.00331446831115
0.00271184672602
0.00401622522622
0.00156560214236
0.00127786514349
0.00321859261021
0.00387725164182
0.00155141751748
0.00668446160853
0.00326150446199
0.00451855733991
0.00253208563663
0.00134031532798
0.00246338476427
0.00481129763648
0.00361901102588
0.00251843594015
0.00544522423297
0.000910993199795
0.00317345652729
0.00356847303919
0.00162425450981
0.00211626547389
0.000841508328449
0.00133028207347
0.00675886357203
0.00131587870419
0.00443950295448
0.00444035697728
0.00274457316846
0.00167087744921
0.00386170018464
0.00226606614888
0.00492193782702
0.00779584934935
0.00232487940229
0.0013638761593
0.00471144076437
0.0014622702729
0.00210649799556
0.00223290757276
0.00370374531485
0.00490113254637
0.00703878886998
0.00184308527969
0.00557460496202
0.0013225201983
0.0012713689357
0.00418506469578
0.00422447687015
0.00431075040251
0.00229159207083
0.00227437121794
0.00393191538751
0.000931717804633
0.00276104011573
0.00277542951517
0.00368770724162
0.00535684917122
0.00191013049334
0.00169225968421
0.000232876976952
0.00356366648339
0.00238102348521
0.000996256363578
0.00302486377768
0.00246823439375
0.000750063511077
0.00172774598468
0.00404446898028
0.00334878521971
0.00174433295615
0.000484609481646
0.0019958417397
0.00162683939561
0.00398198422045
0.00433732010424
0.00416893558577
0.0025800622534
0.00222319248132
0.000990354456007
0.00394753878936
0.00222595431842
0.0040104566142
0.00208490085788
0.00303624593653
0.00362124061212
0.00330324401148
0.00197614333592
0.00233854237013
0.00193331355695
0.00534506607801
0.000459890870843
0.00571390986443
0.00182783557102
0.00329770077951
0.00226875161752
0.00238221185282
0.00303029851057
0.00328460941091
0.00233052042313
0.00353972776793
0.00177253514994
0.00112920592073
0.00517985224724
0.00302881584503
0.00466267298907
0.00144322263077
0.00163167610299
0.00169516541064
0.00219634454697
0.00189650105312
0.0022094938904
0.0020981519483
0.00274394731969
0.00194822775666
0.000765543489251
0.000746992940549
0.00150418409612
0.0013779719593
0.00375403510407
0.00259157433175
0.00261262292042
0.00319849210791
0.0040236832574
0.00311626284383
0.00324683706276
0.00625798245892
0.00474382843822
0.00208747107536
0.00326211587526
0.00277949101292
0.000854844576679
0.00247758137994
0.00485498830676
0.00169431883842
0.00453923037276
0.00309498771094
0.00274617690593
0.00631877873093
0.00511775771156
0.00481848884374
0.00238910829648
0.00139839528129
0.00133727176581
0.00381587329321
0.00136945478152
0.00110465323087
0.00352250342257
0.00388297298923
0.00337678473443
0.00413826899603
0.00332507165149
0.00588681735098
0.00493341032416
0.00119152420666
0.00297640846111
0.00392652628943
0.00276467343792
0.00623505515978
0.00286990893073
0.00109133485239
0.00188245309982
0.00273266015574
0.00419633975253
0.00436410913244
0.00361896515824
0.00528844073415
0.0026562360581
0.00199773954228
0.00299827102572
0.00268170330673
0.0020855627954
0.00298537500203
0.00171975675039
0.00309387245215
0.00163341197185
0.00298333587125
0.00322805135511
0.00442825071514
0.000869735318702
0.00295302015729
0.00303524360061
0.00242831022479
0.00303359515965
0.00373041792773
0.0023091614712
0.00233858427964
0.00466957129538
0.00352853839286
0.00336525496095
0.00276257423684
0.0035166151356
0.00498194014654
0.0012498057913
0.00215243012644
0.00843249633908
0.00105070474092
0.00436184508726
0.00609720917419
0.000467341713374
0.00125501840375
0.00342972646467
0.00284937000833
0.0019281093264
0.00070965703344
0.00302391755395
0.00235145050101
0.00302729406394
0.00450515234843
0.00543577037752
0.00314833479933
0.00210009748116
0.00166418706067
0.00331719662063
0.00149616994895
0.00125361175742
0.000916353426874
0.00214679306373
0.00163294188678
0.00408986397088
0.00195580651052
0.000678272859659
0.00187616772018
0.00328154140152
0.0025537814945
0.00471155159175
0.00675014639273
0.000561681576073
0.00285617262125
0.0047585950233
0.00450087245554
0.00366086838767
0.00228008651175
0.00287644122727
0.000977413612418
0.000906610570382
0.00031805690378
0.00138055474963
0.00356341083534
0.00212366785854
0.00285248248838
0.00312531902455
0.00072175002424
0.00867602415383
0.00429194839671
0.00488255452365
0.00257216836326
0.00325610931031
0.00197608419694
0.00136967329308
0.00575202610344
0.00135746086016
0.00100860476959
0.00328028714284
0.00244108703919
0.00203932868317
0.00305376760662
0.00197346205823
0.00458812294528
0.0013017912861
0.0028589067515
0.0029918930959
0.00224912469275
0.0026686785277
0.00390307209454
0.0018261258956
0.00193477945868
0.00176200189162
0.00185494474135
0.00654517300427
0.00380621221848
0.001365641132
0.00360894342884
0.0023815005552
0.00119127251673
0.00116148719098
0.00117764552124
0.00108781666495
0.00353350373916
0.00315760448575
0.00209784274921
0.00163876940496
0.0031100763008
0.00549883162603
0.00155037501827
0.00497220875695
0.00246182549745
0.00321439444087
0.00235215062276
0.00277685606852
0.00120829173829
0.00027458142722
0.0015245238319
0.00170453218743
0.00750557566062
0.00118820380885
0.00137595261913
0.00382375530899
0.00284573948011
0.00391527963802
0.00614214548841
0.0048674531281
0.00477776955813
0.00361235556193
0.00478508416563
0.00158007058781
0.00220698560588
0.00373486359604
0.00138829334173
0.00148307776544
0.00285026663914
0.0031664960552
0.00215142732486
0.00404316559434
0.00110694090836
0.00467670429498
0.00398021377623
0.00144992000423
0.00478145852685
0.0042862854898
0.000309971714159
0.00331752793863
0.00428636511788
0.00208315090276
0.00473618321121
0.00304865115322
0.00304861483164
0.00279124965891
0.00246118102223
0.00457219779491
0.00352548575029
0.00137717882171
0.0059661497362
0.00185418315232
0.00559021625668
0.00480827363208
0.00263259653002
0.00281744194217
0.00182308501098
0.00347413192503
0.00304923183285
0.00107930204831
0.00202870648354
0.00325465854257
0.00429428229108
0.00392702687532
0.00290598277934
0.00256280787289
0.00286518642679
0.000996625982225
0.0029909752775
0.0019024744397
0.00238820072263
0.00256575574167
0.00204944517463
0.00139830948319
0.00253529963084
0.0016971497098
0.00263836956583
0.00321017066017
0.002529774094
0.0027948578354
0.00525796366856
0.00173623836599
0.00200956058688
0.00205510784872
0.00155065127183
0.00154458079487
0.000986746279523
0.00366222066805
0.00149766565301
0.000831325305626
0.00259179109707
0.00280380412005
0.00573822529987
0.00437367893755
0.000782006187364
0.000276589678833
0.00329313613474
0.00438952818513
0.00432036491111
0.00113370700274
0.001027072547
0.00166667066514
0.00235236482695
0.00170514581259
0.00541375763714
0.000783689029049
0.00563696445897
0.00146811816376
0.00114771293011
0.00369131355546
0.00538676558062
0.00147688947618
0.00139476975892
0.000185979675734
0.00307603250258
0.00193993363064
0.00168602913618
0.00196924665943
0.00169261207338
0.00120698765386
0.00156804954167
0.000832415418699
0.00203697290272
0.00448109908029
0.0038731538225
0.000732029380742
0.00576084433123
0.00271932478063
0.00280125136487
0.00112383509986
0.000795666128397
0.00154887686949
0.00227288086899
0.00128228229005
0.00117777218111
0.00172909663524
0.00196151155978
0.00160300824791
0.00321606174111
0.000972913287114
0.00271307071671
0.0035458188504
0.00284604053013
0.00314757158048
0.00386447529308
0.00115116231609
0.00282421498559
0.00316171301529
0.00103702291381
0.00467823212966
0.00219927891158
0.00305326119997
0.00352374487557
0.00234117801301
0.00318673695438
0.00208908226341
0.00443066703156
0.00446613086388
0.00304027274251
0.00291179330088
0.00348646333441
0.00439183227718
0.000458751281258
0.00222479877993
0.000140682095662
0.00281646521762
0.00155473989435
0.00387644069269
0.00256255292334
0.00199003401212
0.00464998930693
0.00234539597295
0.00336080254056
0.000590566953178
0.00528915831819
0.00600251974538
0.00217625778168
0.00395710580051
0.00200219731778
0.00138190784492
0.00242540589534
0.00510803144425
0.00460407324135
0.00347485626116
0.00234031956643
0.00268039689399
0.0034239764791
0.00380217074417
0.00327532435767
0.00284813041799
0.00339765846729
0.00303996307775
0.00627398630604
0.0012485840125
0.00113538757432
0.00352464616299
0.00391486985609
0.002261553891
0.0079997703433
0.0024656241294
0.00461648777127
0.00162952637766
0.00182950496674
0.00288171693683
0.00312727806158
0.00282800663263
0.00357942515984
0.00447701569647
0.00323205231689
0.0032901847735
0.00401599146426
0.00210206070915
0.000900713144802
0.00436655338854
0.00361194927245
0.00320293125696
0.00253012264147
0.00483255088329
0.0019970186986
0.00306982616894
0.00195340812206
0.00127409084234
0.00219515571371
0.000812599027995
0.00393097987399
0.00195797090419
0.00148681167047
0.00103965285234
0.00058539735619
0.002960172249
0.00338478130288
0.0039395862259
0.00250816298649
0.00284131034277
0.00261083478108
0.00233949907124
0.00401824060827
0.0022964219097
0.00528162252158
0.00256089121103
0.00451082224026
0.00220288382843
0.00279782013968
0.00157280464191
0.000878567749169
0.00211357767694
0.00100653688423
0.00274665490724
0.00214305054396
0.00244684168138
0.0024211013224
0.00247383210808
0.00300494884141
0.00119403644931
0.00160533946473
0.00248984852806
0.00184084230568
0.00121594581287
0.00106067222077
0.00666979094967
0.00397773785517
0.00065759208519
0.00576132629067
0.00455059297383
0.00342392758466
0.000438042916358
0.00218194141053
0.00326673011295
0.00178930186667
0.000880709907506
0.00207125628367
0.0046205278486
0.0014484351268
0.00507519906387
0.00283978390507
0.0052849422209
0.00260671740398
0.00119687139522
0.00215620105155
0.00204706867225
0.00102592771873
0.00338180502877
0.00154270615894
0.00321635953151
0.00186189322267
0.00252416892909
0.00174839515239
0.00375265581533
0.000571715121623
0.000571831944399
0.000985000748187
0.00181934947614
0.000871826545335
0.00438779965043
0.000968576350715
0.00164572068024
0.00258866068907
0.00179985351861
0.000692781934049
0.00199130154215
0.00310625089332
0.00250878022052
0.00202401564457
0.0025370947551
0.000684498634655
0.00173527863808
0.00614812178537
0.00181768857874
0.00278438185342
0.00102016003802
0.00157591025345
0.00186776625924
0.00123424991034
5.73292891204e-05
0.00259990245104
0.00242963200435
0.00632007792592
0.00348280952312
0.00175725051668
0.00113671761937
0.00314458995126
0.00037309693289
0.00315222726204
0.000306727568386
0.000999090960249
0.000719483359717
0.00393548654392
0.000687797961291
0.00175081787165
0.000855325430166
0.00265395012684
0.00405360385776
0.00333960610442
0.00051383493701
0.00259980349801
0.00343280425295
0.00188863871153
5.85078778386e-05
0.00213590008207
0.00203399430029
0.00190983805805
0.000921190949157
0.00182990729809
0.000729527324438
0.00280819763429
0.00198904797435
0.00464690569788
0.001137802843
0.00101352110505
0.00478525739163
0.00235537509434
0.00470470217988
0.00103651883546
0.00208725593984
0.00219385512173
0.000866962014697
0.00113996071741
0.00133592798375
0.00126352382358
0.00299531151541
0.00129741698038
0.00125362293329
0.00179140875116
0.00367387500592
0.00121021957602
0.000562594097573
0.00270471768454
0.00266493530944
0.00238888966851
0.00183867581654
0.00293054012582
0.00155125313904
0.00254929950461
0.00180816196371
0.000227714277571
0.00140013720375
0.00148682878353
0.00222434056923
0.000932405062485
0.0016731498763
0.00264861551113
0.000439232593635
0.00390483974479
0.00211072573438
0.00254865037277
0.00126957811881
0.00108697311953
0.00224740453996
0.00322472956032
0.00157157087233
0.00308922841214
0.00333971320651
0.000917228695471
0.004812406376
0.00177178543527
0.00258367182687
0.00250889011659
0.00379622727633
0.000598241807893
0.000144515390275
0.00347717129625
0.000970039865933
0.00418403139338
0.00198642513715
0.00281089521013
0.00563700078055
0.00300764571875
0.0022684133146
0.00400338554755
0.000231016689213
0.00131125655025
0.00385421002284
0.00233327620663
0.00240133167244
0.00435393350199
0.00347424647771
0.0022938279435
0.00453592697158
0.0037395209074
0.0017917068908
0.00129188294522
0.0015024903696
0.00113495939877
0.000659875804558
0.00160764623433
0.00281788292341
0.00196398748085
0.000872679171152
0.00174961914308
0.00156265578698
0.00258588185534
0.0038382045459
0.00294778426178
0.00183959829155
0.00258880364709
0.00124311551917
0.00148993451148
0.00352358887903
0.00289292051457
0.00148326717317
0.000868712028023
0.00391187844798
0.00241430173628
0.00108934391756
0.00237570144236
0.00114391581155
0.00230166548863
0.000548761105165
0.0018934449181
0.00132812338416
0.00228685280308
0.000638975761831
0.00122918642592
0.00345424446277
0.0035534966737
0.00197445671074
0.00287723983638
0.00111471000127
0.00208963663317
0.00260348059237
0.00589396711439
0.000942250131629
0.0023494141642
0.000454791821539
0.00114313140512
0.00309344357811
0.00131934694946
0.00221981550567
0.0020531762857
0.00331678637303
0.00139818096068
0.00398953538388
0.00121513288468
0.000898775761016
0.00395305454731
0.00400338182226
0.00295966234989
0.00167184101883
0.00220665358938
0.00196475558914
0.00360400695354
0.0012430587085
0.000254405546002
0.0036521346774
0.00375384720974
0.00488192634657
0.000891773379408
9.69536267803e-05
0.003067339072
0.00241124094464
0.00124221376609
0.00135379331186
0.00396794266999
0.00253729312681
0.00274283625185
0.000841797911562
0.00291825085878
0.00166352186352
0.00295001245104
0.00137421290856
0.00111298332922
0.00220308685675
0.00378620508127
0.00208702171221
0.00170194392558
0.00338913034648
0.00121407164261
0.00355659471825
0.000341571983881
0.00200959295034
0.00110538129229
0.00286656711251
0.00318505614996
0.00114130449947
0.00177490653004
0.00460647139698
0.00186976022087
0.000677158590406
0.00321396859363
0.00186989316717
0.00249632680789
0.00109338317998
0.00149629369844
0.00498652365059
0.00100564828608
0.00092530582333
0.0014158730628
0.0044791973196
0.00444676028565
0.00179951905739
0.000980444485322
0.00188575824723
0.00241010892205
0.00382990669459
0.00207379111089
0.00262167700566
0.001533987117
0.00166482885834
0.00285756820813
0.000554957077838
0.00161520205438
0.00204739253968
0.00265128817409
0.00201433547772
0.00352508830838
0.00201642001048
0.00273209018633
0.00492501445115
0.00191911600996
0.00430970825255
0.0013201207621
0.00141507433727
0.00318170408718
0.00277538318187
0.00166957022157
0.00358044309542
0.000763542368077
0.00253177853301
0.000971618806943
0.00198499416001
0.00108840770554
0.00123255443759
0.00071039062459
0.000232516045799
0.00032975996146
0.00229669455439
0.00105286401231
0.000666895706672
0.00416112039238
0.00455705123022
0.00259137083776
0.000919521960896
0.00263139326125
0.00171311944723
0.000973355723545
0.00331943272613
0.00266426173039
0.00160171615425
0.00185362482443
0.00235998816788
0.00124831416178
0.00184958288446
0.00355719821528
0.00104467535857
0.00480529665947
0.00179616548121
0.0018496341072
0.00187692733016
0.00147070246749
0.00231353263371
0.00352898146957
0.00173044099938
0.00453677214682
0.00370884267613
0.0012211734429
0.00147045974154
0.00183411047328
0.00291166990064
0.00112148094922
0.00143498240504
0.00286656850949
0.00307476893067
0.000853031990118
0.00153747398872
0.000366470369045
0.000967338972259
0.000763615767937
0.00171885523014
0.0040159765631
0.000503097136971
0.00279626832344
0.00126872805413
0.000253843609244
0.00234131398611
0.00363871781155
0.00309379887767
0.00210457807407
0.00124263041653
0.00425988715142
0.0021332600154
0.00151630013715
0.00141069618985
0.000559673353564
0.00174627662636
0.00368938595057
0.00269027077593
0.00102527672425
0.000299327221001
0.00134412152693
0.00430781440809
0.00229270406999
0.000412568362663
0.00110191234853
0.00231303344481
0.00217856536619
0.00362190837041
0.00259628798813
0.00151191675104
0.000831327168271
0.00306320982054
0.00255116517656
0.0021278001368
0.00822160393
0.00301421363838
0.00638144975528
0.00372574315406
0.000881564454176
0.00084083765978
0.000368157081539
0.00265290262178
0.0020200072322
0.000829065043945
0.000540033332072
0.000162273310707
0.00322507624514
0.00316696474329
0.00119256775361
0.00108930934221
0.00147766724695
0.00173416582402
0.00093394232681
0.00212606531568
0.00106123893056
0.00116471888032
0.00162303587422
0.000811195524875
0.00340693513863
0.00526704918593
0.00127182004508
0.0011385185644
0.00222698412836
0.00240865536034
0.00174923380837
0.000765805598348
0.000498212350067
0.00250997883268
0.000760787806939
0.00152670557145
0.00104579911567
0.00374304153956
0.000426123704528
0.00122520688456
0.000939393648878
0.00348273548298
0.00148402363993
0.00275820610113
0.00111760012805
0.00118211831432
0.00332267466001
0.00296849943697
0.00160411524121
0.000646033149678
0.000829940079711
0.001912057749
0.00108347111382
0.000736964051612
0.00341138476506
0.00139574322384
0.000700237869751
0.000875807891134
0.00198259111494
0.00310224317946
0.00718976650387
0.00222189351916
0.00137819256634
0.00207361509092
0.00164602557197
0.00093585322611
0.000956460833549
0.00420134142041
0.00190961605404
0.00178456341382
0.0007025989471
0.00242861779407
0.000649833702482
0.00217819958925
0.000787967117503
0.00246000359766
0.000627255765721
0.00198204186745
0.00152406084817
0.000629415328149
0.000256151688518
0.00229477696121
0.000795063446276
0.00315894116648
0.00244273105636
0.00293864659034
0.00191718304995
0.00295535637997
0.0012708917493
0.00426355097443
0.00165981659666
0.000662149337586
0.0021164205391
0.00265728146769
0.00923684425652
0.00171025271993
0.00131835974753
0.00322237075306
0.0060873767361
0.00142405566294
0.00419666757807
0.00228228396736
0.00735181476921
0.000526256451849
0.00222258968279
0.00186752597801
0.00200846209191
0.00110429129563
0.00315162027255
0.000989384017885
0.00314881210215
0.0028962965589
0.00265161856078
0.00283605535515
0.000842606939841
0.000639837409835
0.00483918888494
0.00198112381622
0.00279212277383
0.00230214837939
0.000253576930845
0.00387299479917
0.000123972800793
0.00465672044083
0.00275050592609
0.000711478176527
0.000741190975532
0.00243990286253
0.00152801745571
0.00221563130617
0.00101738772355
0.00045144095202
0.000513100647368
0.00528849335387
0.00242104916833
0.00107925909106
0.00072219100548
0.00140000903048
0.00400525564328
0.00329917971976
0.00185230898205
0.000213226725464
0.00176825653762
0.00331439403817
0.00297529925592
0.00116192013957
0.000889776856638
0.000921941536944
0.00121294939891
0.00137554621324
0.00171272282023
0.00160264933947
0.00666389567778
0.000848390511237
0.00205712276511
0.00227600336075
0.00119968771469
0.000947673979681
0.000417520903284
0.00287009519525
0.00133957446087
0.00307066738605
0.00318797817454
0.000226885822485
0.00236328085884
0.00124239071738
0.00215945322998
0.00163701782003
0.00239712931216
0.00200516823679
0.00056500575738
0.00173098756932
0.000921999046113
0.000451967207482
0.00170243007597
0.00232495809905
0.00166672712658
0.00172272941563
0.00164403079543
0.00295625254512
0.00416844710708
0.000669956789352
0.00175421417225
0.000609652721323
0.0027724520769
0.00103797810152
0.0035917989444
0.00152930349577
0.00125183037017
0.00399616919458
0.00193064287305
0.000505767238792
0.00214953324758
0.00313801621087
0.00207068165764
0.0032589873299
0.00298273540102
0.00343791954219
0.00270443968475
0.00149801070802
0.00131660921033
0.00635299831629
0.00240214401856
0.0012769625755
0.00409173825756
0.00258490792476
0.00302524212748
0.000851914053783
0.00190001167357
0.00353913055733
0.00137154618278
0.00226998375729
0.000564736896195
0.0017970460467
0.00226801587269
0.00041543453699
0.00217597093433
0.00195497344248
0.00231881067157
0.00198288960382
0.0018706478877
0.000419366377173
0.00302233034745
0.00390129280277
0.00410677585751
0.0059708612971
0.00314290635288
0.0029874718748
0.00107874535024
0.00306027918123
0.00367537513375
0.00132271694019
0.00130069092847
0.000501882459503
0.00141098047607
0.00232608895749
0.00210715411231
0.000762618263252
0.00156309397426
0.00159943150356
0.000702212622855
0.00243677641265
0.000456087203929
0.00107051362284
0.00236497353762
0.00163121684454
0.00238408334553
0.000399924843805
0.00178435293492
0.00270783575252
0.00107925373595
0.000461838208139
0.00287695485167
0.00192423909903
0.00384229817428
0.00403813133016
0.00234191026539
0.00482962001115
0.00233895797282
0.000268561474513
0.00216748402454
0.00100603175815
0.000799082336016
0.00358828064054
0.00166027795058
0.004860681016
0.00181682093535
0.00048581903684
0.000967513071373
0.00159600563347
0.00085836899234
0.00420323573053
0.00305471103638
0.000831804005429
0.000757003668696
0.0023054338526
0.00502358749509
0.0014573931694
0.00365047319792
0.00232570478693
0.00213419995271
0.00097593764076
0.00408159475774
0.00320076313801
0.0016056135064
0.000965703045949
0.00322637706995
0.0018829718465
0.00152502534911
0.0029550739564
0.00226565869525
0.00394931435585
0.00270417472348
0.00224359333515
0.00402050139382
0.0043803146109
0.000696488830727
0.00328380079009
0.00160009344108
0.00107698934153
0.0016947571421
0.00243781553581
0.00135374476667
0.00163575762417
0.0015218994813
0.00166004931089
0.00352700706571
0.00170118291862
0.00453335372731
0.00166842481121
0.000558600993827
0.00398119352758
0.00619261292741
0.000402656791266
0.00185890495777
0.00129666272551
0.000558241736144
0.0039129271172
0.00181517063174
0.000729109917302
0.00119142513722
0.00232984311879
0.00252146250568
0.000549385964405
0.000607042980846
0.000940970203374
0.00189512723591
0.00257256533951
0.00138135044836
0.00136178859975
0.00171873590443
0.00236718729138
0.00273057701997
0.00132234941702
0.00254426430911
0.00266293669119
0.00306753022596
0.00138577539474
0.000888003211003
0.00269562215544
0.00057545886375
0.00631072651595
0.00136195484083
0.00182650645729
0.00389532907866
0.00152364512905
0.000334343087161
0.00344030000269
0.00291837751865
0.000685045029968
0.00342093128711
0.000403360230848
0.00255684321746
0.00110876036342
0.00291119120084
0.00155024579726
0.00353841390461
0.00125034269877
0.000832774327137
0.000908021465875
0.00246894243173
0.00121390132699
0.00181092938874
0.00193620217033
0.00314566772431
0.00162805535365
0.000288352457574
0.00315434718505
0.00336756324396
0.000988715444691
0.00183919258416
0.00424188002944
0.00225065089762
0.0034155359026
0.000782106711995
0.00224741059355
0.00157600385137
0.00325920782052
0.00317820021883
0.000582580163609
0.000310611270834
0.00414708675817
0.00164151377976
0.00271824747324
0.000213707142393
0.00527596799657
0.000621149025392
0.00187498913147
0.00196591415443
0.000338039448252
0.0042072320357
0.00324870506302
0.00145938713104
0.000644567015115
0.000926699431147
0.00336220348254
0.00215471582487
0.00171139114536
0.00290128448978
0.000115742666821
0.00115634337999
0.00228793988936
0.00133789842948
0.000149181025336
0.000566719565541
0.00212211115286
0.0011873372132
0.000999868381768
0.00125778559595
0.0024679992348
0.00295461714268
0.00150094239507
0.00411982554942
0.00400808360428
0.00170191645157
0.00240662577562
0.00194233038928
0.00197401130572
0.00110878492706
0.000908310583327
0.00104785268195
0.000570209056605
0.0026800071355
0.00260708807036
0.00361824943684
0.00051862775581
0.0018495375989
0.000470235187095
0.00238758744672
0.00209676334634
0.00131065561436
0.000807304575574
0.000625473971013
0.00247092242353
0.000633084157016
0.00261614844203
0.000737359863706
0.00267695239745
0.00248929182999
0.00127259839792
0.000870509713423
0.00223860936239
0.0013352772221
0.000509669247549
0.0016450099647
0.00358149851672
0.00415156269446
0.00325936311856
0.0011111041531
0.00116630538832
0.00251438119449
0.00300691695884
0.00164310331456
0.00285031809472
0.001976151485
0.00174457370304
0.00313883600757
0.000646527449135
0.00243700272404
0.000273355661193
0.00300296535715
0.00103021273389
0.00129543477669
0.000208916681004
0.0010551813757
0.00120981375221
0.0010802843608
0.00337602407672
0.00360234640539
0.000944524363149
0.000179113616468
0.000541440676898
0.00175390613731
0.00254516070709
0.00191748852376
0.00440578814596
0.00101830274798
0.00415476039052
0.000612763920799
0.00222974945791
0.000789467536379
0.00140550010838
0.000859469932038
0.00286735221744
0.000901040446479
0.000805037503596
0.00218980293721
0.00336202583276
0.000798583903816
7.98396140453e-05
0.00159858935513
0.000825703027658
0.000468605489004
0.00264780200087
0.00230508833192
0.00208516861312
0.0043227490969
0.00116862228606
0.00234640366398
0.00103339727502
0.00179981067777
0.00229152594693
0.00317611289211
0.00135232124012
0.000957152165938
0.0024716402404
0.00210508471355
0.005685005337
0.0020697361324
0.00303082098253
0.00152678310405
0.00235940585844
8.50640208228e-05
0.00466819293797
0.00546991638839
0.00423732819036
0.0015946791973
0.00444320775568
0.0010886878008
0.00256380974315
0.00266979355365
0.00125237042084
0.00185679923743
0.000751354091335
0.00169803050812
0.000231156693189
0.000884759647306
0.00156935851555
0.00385978911072
0.002126672538
0.00146950001363
0.00127928622533
0.00183313922025
0.00281774392352
0.00167926494032
0.00109886005521
0.00250167469494
0.00619321875274
0.000964963575825
0.00347847002558
0.00208378979005
0.00177347555291
0.00106459844392
0.000480845948914
0.000970196619164
0.000805121904705
0.00077701191185
0.00384416105226
0.000614966265857
0.00138258223888
0.00252727628686
0.00134788872674
0.000517411215696
0.00230621825904
0.00313271372579
0.00148996035568
0.00031745628803
0.0030662312638
0.000819217355456
0.000311564799631
2.87836101052e-05
0.00222051562741
0.00242432509549
0.00370977423154
0.00178464816418
0.000382847851142
0.00257667526603
0.00013648084132
0.00335163343698
0.00222804397345
0.00164353277069
0.00107273249887
0.00108654319774
0.00154448731337
0.00124009046704
0.000535089871846
0.00171533518005
0.0003113161074
0.00182626990136
0.00188506895211
0.000535802508239
0.00269139977172
0.00181693350896
0.00188978703227
0.00161525490694
0.000435719208326
0.000970387540292
0.00326809566468
0.00165945838671
0.00301719852723
0.00280239153653
0.000724367564544
0.00176113750786
0.00105001893826
0.00123772956431
0.0029918635264
0.000784880539868
0.00137139484286
0.00291262730025
0.00340699334629
0.00269685988314
0.000652998685837
0.000317778612953
0.00486450921744
0.00202208454721
0.000550411292352
0.00165636162274
0.00113547442015
0.00133147148881
0.00270355981775
0.00341909611598
0.000218017274165
0.00225351029076
0.00622355146334
0.00127345463261
0.00307907536626
0.00257987575606
0.000164175202372
0.00175592117012
0.00122641772032
0.000252070341958
0.0015694682952
0.000164308803505
0.00382130639628
0.00292110885493
0.00113846326713
0.00293260929175
0.0013173581101
0.00156797340605
0.000102327103377
0.00158403033856
0.00065097422339
0.00246660131961
0.000243081987719
0.00245031761006
0.000256380299106
0.00117095955648
0.000287555041723
0.00453722616658
0.0016327657504
0.000704790116288
0.00108050717972
0.00279098423198
0.00126413267571
0.000390535045881
0.00203153607436
0.0024251001887
0.000338727899361
0.00287095550448
0.000571324839257
0.00106913468335
0.00329546700232
0.0017452314496
0.000920115795452
0.0060445307754
0.00397066073492
0.00120611942839
0.00334105594084
0.0010831633117
0.00075833115261
0.00101613590959
0.00273176888004
0.00181928777602
0.00104688969441
0.00182518968359
0.00296330405399
0.00208825524896
0.00170083786361
0.000640506972559
0.00150776980445
0.00133470410947
0.00156577024609
0.00154494389426
0.00221256795339
0.00202067848295
0.000598401413299
0.00336370803416
0.00205296091735
0.00381046999246
0.000841705361381
0.00145212246571
0.000404932943638
5.25386931258e-05
0.001252335147
0.00156576943118
0.00134341197554
0.000792809878476
0.00312842056155
0.00282930443063
0.000920769467484
0.00299992179498
0.000858724117279
0.000519911234733
0.00407036487013
0.00143372057937
0.00286436919123
0.00191009393893
0.00264891330153
0.000654395844322
0.00120428355876
0.00314221950248
0.00107175915036
0.00299967988394
0.00112049747258
0.00313566671684
0.00267899106257
0.000720152864233
0.00236214045435
0.00145061360672
0.000767364108469
0.00150656886399
0.00161039410159
0.00202901824377
0.000173419655766
0.0011691886466
0.00097972236108
0.000744311953895
0.00116293143947
0.00133552856278
0.00123027723748
0.00232482608408
0.00170089653693
0.00863348320127
0.00163644424174
0.000832549354527
0.00370468944311
0.00334290694445
0.000692013418302
0.000760062946938
0.00283203087747
0.00358506664634
0.000254330137977
0.00138285884168
0.00176784791984
0.00265579577535
0.00243151886389
0.00113656732719
0.00122713949531
0.00249080453068
0.00289584090933
0.000319572805893
0.000816185493022
0.000784956850111
0.00261512747966
0.00472148740664
0.000494237407111
0.00343266245909
0.000704816658981
0.00090536888456
0.00442128814757
0.000382855389034
0.00139980565291
0.00357210822403
0.00259963329881
0.00186617556028
0.000114119029604
0.00139227462932
0.00179654790554
0.00191589689348
0.00194282294251
0.00167491810862
0.00157628615852
0.000497643253766
0.00385053292848
0.00148595834617
0.00208383286372
0.00331105431542
0.00257368711755
0.00120806554332
0.000773000472691
0.000343730120221
0.00256121554412
0.00286257592961
0.00183566240594
0.00154885905795
0.000627532193903
0.000929324363824
0.00261917547323
0.00160894740839
0.00477872462943
0.000215295032831
0.00125792680774
0.00310065760277
0.0011304942891
0.000163378324942
0.00260695349425
0.00194869400002
0.00151179591194
0.00106293277349
0.00483614578843
0.00283114030026
0.000712920504157
0.00270087644458
0.00252338917926
0.00152889511082
0.00159413728397
0.00250472477637
0.00180818000808
0.00303240539506
0.00160654389765
0.00126603059471
0.00138296803925
0.00221689161845
0.00253269053064
0.000330945389578
0.00271290703677
0.00223163538612
0.00186130439397
0.00261799339205
0.000892558600754
0.000162478580023
0.00411524344236
0.000851487624459
0.00125833170023
0.00217663380317
0.00138712709304
0.00197431468405
0.00357212754898
0.00271499040537
0.00141393905506
0.00139841763303
0.00434605265036
0.00110692088492
0.00194525136612
0.000518546847161
0.00198199669831
0.000442393880803
0.00240966235287
0.00168963894248
0.000674133712891
0.00110671971925
0.00155425362755
0.00459335185587
0.0012863855809
0.00293879420497
0.000479131645989
0.00127924326807
0.00102842075285
0.00108487252146
0.00443526636809
0.00453656818718
0.00344309816137
0.00100653315894
0.00304105784744
0.00315073342063
0.00080254720524
0.00310714635998
0.00680768396705
0.00161255325656
0.00213304487988
0.000524242932443
0.0029438349884
0.00285182357766
0.000976755516604
0.00167451996822
0.000300985353533
0.00061150896363
0.00527935475111
0.00102146423887
0.00421462627128
0.00105355971027
0.00260220258497
0.0028551176656
0.00165007298347
0.000665861123707
0.00265002204105
0.00225633196533
0.00435467530042
0.000937366392463
0.00188585172873
0.00293603097089
0.000580320192967
0.00532959634438
0.000723343866412
0.0011543961009
0.000194239211851
0.00249607441947
0.000852309516631
0.000130744214403
0.0038248791825
0.0016532529844
0.00112181273289
0.00199102633633
0.00431495532393
0.0031996013131
0.000386536150472
0.000545923016034
0.000881555723026
0.00246685533784
0.00216299737804
0.00284642423503
0.00300708925352
0.00468588341027
0.00182664161548
0.00118591543287
0.00133453402668
0.00186085072346
0.00113960972521
0.0029926635325
0.00212655961514
0.00409826310351
0.00132447923534
0.00296899513341
0.00222359318286
0.000975443166681
0.00356558104977
0.0011015777709
0.000862788408995
0.00465984130278
0.00118132878561
0.0014989094343
0.00304277427495
0.000628520385362
0.00450450601056
0.00184969208203
0.000697674346156
0.00203760899603
0.0005851930473
0.00233752909116
0.0017477767542
0.00118293415289
0.00093965936685
0.00268620275892
0.000594492070377
0.00154254317749
0.00479507725686
0.00103227002546
0.00106110447086
0.00165975152049
0.00218746182509
0.00107388768811
0.00293578067794
0.00469244644046
0.00273563945666
0.003422498703
0.00231159641407
0.00228788401
0.00187255616765
0.00233949813992
0.00137933925726
0.0015931809321
0.00209442200139
0.00159713381436
0.000626024964731
0.000719447154552
0.000935794610996
0.00345245958306
0.00456359656528
0.000354086165316
0.00164447072893
0.0011479917448
0.000667298969347
0.000453224405646
0.00233992422
0.00111642363481
0.00139922276139
0.00045442339615
0.00197919388302
0.000773292907979
0.00169471767731
0.00363494618796
0.00134845159482
0.0034231939353
9.89066684269e-05
0.000719552335795
0.00122655974701
0.000354938558303
0.00182380503975
0.000659161130898
0.00168425054289
0.00556467752904
0.00232719117776
0.00536560686305
0.00177615450229
0.00332050374709
0.00124127813615
0.00523290131241
0.00168601155747
0.00322715542279
0.00284387520514
0.000228196120588
0.000458892784081
0.0011980147101
0.00267148483545
0.000628538837191
0.00152749789413
0.00200532772578
0.000741429103073
0.00234655756503
0.0012209758861
0.00264097098261
0.000369295215933
0.0027662338689
0.00168295716867
0.000259363645455
0.0026958452072
0.000974781229161
0.0042488547042
0.000967185129412
0.00218752329238
0.00203431909904
0.00419511273503
0.000741783063859
0.00290257437155
0.00187318737153
0.0029652803205
0.00151288486086
0.0017289055977
0.00103647471406
0.00127512065228
0.0036313587334
0.00376392551698
6.14764649072e-05
0.00397651316598
0.000599055085331
0.00167580472771
0.00304828071967
0.00239746225998
0.00115823640954
0.00242983014323
0.00164863932878
0.00151618302334
0.00211260188371
0.00130845361855
0.000814968836494
0.00179378932808
0.00202439795248
0.00215413188562
0.000870044808835
0.00205942802131
0.000349554524291
0.000401247321861
0.00214440817945
0.000506598560605
0.000590409617871
0.0029075127095
0.00202724779956
0.00069309794344
0.00358731485903
0.00268481741659
0.00108189485036
0.00143542920705
0.00137219333556
0.00276202871464
0.00332942139357
0.00188648863696
0.00305136479437
0.00294242007658
0.00130376953166
0.00076022814028
0.00383046153001
0.00197439594194
0.00115846318658
0.00248757167719
0.00168164679781
0.00126171205193
0.00442284252495
0.00212032860145
0.00400666892529
0.00152954959776
3.19877108268e-05
0.00242611556314
0.00123779312707
0.00474206451327
0.00465557072312
0.00175188470166
2.90327443508e-05
0.00150121224578
0.00221963482909
0.00396941509098
0.00219020037912
0.00182299723383
0.00413711881265
0.00207171402872
0.00117032509297
0.00182059803046
0.00115794723388
0.00186910072807
0.00182425102685
0.00109808868729
0.00115488830488
0.00319745019078
0.00243994127959
0.0009601903148
0.00139009149279
0.000181360694114
0.00129234627821
0.00120144383982
0.00336649268866
0.00272839167155
0.00208863453008
0.00394500792027
0.00269781728275
0.000803106464446
0.00205145007931
0.0030789070297
0.00186193559784
0.00103379180655
0.00256193801761
0.00195167190395
0.00264233327471
0.0013452321291
0.00126896938309
0.00182021048386
0.00385645148344
0.00254900101572
0.00075536739314
0.0010661346605
0.000443500553956
0.00127486640122
0.00258308951743
0.00138925237115
0.00595624698326
0.00293589849025
0.000891929026693
0.00420380476862
0.00290353642777
0.00137236923911
0.00355236744508
0.00245323800482
0.00325590837747
0.00197064038366
0.000680981378537
0.00144220574293
0.00172401010059
0.00112641486339
0.000926920329221
0.00529443286359
0.00118920893874
0.00333797419444
0.00152537261602
0.00500713894144
0.000651936978102
0.00044654647354
0.0015978186857
0.00430217478424
0.000302624539472
0.00182636280078
0.00273633329198
0.00216123415157
0.00268059899099
0.00508059747517
0.000756836205255
0.000991110806353
0.000826186616905
0.00411547580734
0.00271248095669
0.00358204660006
0.00148286821786
0.00116576626897
0.00229291548021
0.00095819926355
0.00300288270228
0.00237153936177
0.00319962389767
0.00171336822677
0.000361050100764
0.000466764642624
0.00103788613342
0.00168862810824
0.00222618528642
0.00248430552892
0.00058779848041
0.00166129262652
0.00367510458454
0.00111467950046
0.000953201204538
0.000418067182181
0.000823612441309
0.00226820935495
0.00142084772233
0.00120455573779
0.00285784900188
0.000436639034888
0.00279396469705
0.00125124654733
0.0042857946828
0.00104109512176
0.00157737801783
0.00174735207111
0.00294519821182
0.00348158995621
0.00126744399313
0.00130073330365
0.000390996283386
0.000299989827909
0.00196984573267
0.00133611552883
0.000956670497544
0.00125239393674
0.00555403996259
0.00202993187122
0.00290945055895
0.00468707364053
0.00160806649365
0.00236167851835
0.00330837047659
0.00190708250739
0.0056683733128
0.00114625832066
0.0026687362697
0.00469493540004
0.00149473256897
0.00241895928048
0.000454474968137
0.00127846095711
0.000298379629385
0.0038116693031
0.000917047378607
0.00165488105267
0.00207468285225
0.00397752178833
0.00158691871911
0.00252050394192
0.000357034325134
0.00252411048859
0.00230396841653
0.00143046607263
0.00101381295826
0.00154530000873
0.00733323162422
0.000846392824315
0.00193859334104
0.00291448179632
0.000566437025554
0.0023076585494
0.00119146239012
0.00327033735812
0.00171715591568
0.00109577132389
0.000549520773347
0.00247055361979
0.00230565061793
0.00218335096724
0.000545845425222
0.000545977440197
0.00137220264878
0.00102285924368
0.00374617381021
0.00401319703087
0.00307733914815
0.00356499734335
0.00158988614567
0.000469966034871
0.000187104989891
0.00140820047818
0.00251070829108
0.00175000308082
0.000774787622504
0.00367380026728
0.000725893245544
0.00209018262103
0.00246089976281
0.00248826155439
0.00209513143636
0.00388034293428
0.00337555934675
0.000363962171832
0.000816201092675
0.000604671135079
0.000610330956988
0.000741403142456
0.000517596199643
0.00207352265716
0.00235164887272
0.00208916491829
0.00248269387521
9.52437912929e-05
0.00344300083816
0.000493629311677
0.00119872344658
0.00373726384714
0.00190354476217
0.000328342284774
0.00203448627144
0.000408932479331
0.00250454805791
0.000798826338723
0.00241154595278
0.000757158384658
0.0016642032424
0.00380177376792
0.0019788464997
0.00127495452762
0.00301633263007
0.00168940459844
0.00104729412124
0.00135135964956
0.00210379855707
0.00316800293513
0.00206362828612
0.000398489675717
0.00375499390066
0.00153778900858
0.00241842586547
0.00280395126902
0.00215293327346
0.00117194419727
0.000255688675679
0.0011457396904
0.00214288267307
0.000848351395689
0.00243357755244
0.000779838184826
0.00026581104612
0.00139833707362
0.000694166636094
0.00219617295079
0.00230259378441
0.00316789071076
0.00532057508826
0.00191478594206
0.00126011215616
0.0023155757226
0.00126444909256
0.00194439454935
0.00278329453431
0.00495179137215
0.000120412914839
0.00333404541016
0.00306131923571
0.000539526285138
0.00249083759263
0.00189690920524
0.000925040105358
0.000362281745765
0.00409169215709
0.000803382950835
0.00175293302163
0.00122208590619
0.00352732883766
0.00163702038117
0.00135532312561
0.00193665991537
0.000706215912942
0.00250373361632
0.00206295074895
0.00400196621194
0.000480194663396
0.00357192219235
0.00218662270345
0.000137735099997
0.000868929200806
0.00133618770633
0.00149481988046
0.00234136823565
0.0015896857949
0.000114705988381
3.56788259523e-05
0.002984944731
0.00110796873923
0.00403743050992
0.00108477892354
0.00198443629779
0.00194064690731
0.00182911555748
0.000432804226875
0.00176713045221
0.00169980933424
0.0019658813253
0.00370841333643
0.000119025986351
0.00543767539784
0.000312743533868
0.00208690599538
0.00210617296398
0.00397091545165
0.00165838305838
0.000125290462165
0.00107548153028
0.00284157181159
0.00262033636682
0.00120559474453
0.00448293844238
0.00177918409463
0.00109635002445
0.00283491332084
0.00210791639984
0.00172148784623
0.000960312841926
0.000544536451343
0.00105823262129
0.0014021100942
0.00181827857159
0.00262394407764
0.00331174628809
0.00187577761244
0.000453205109807
0.00137242290657
0.000654760864563
0.000714813184459
0.00105666276067
0.00228756759316
5.68893519812e-05
0.00152292207349
0.00130797410384
0.00142624601722
0.00181102019269
0.00151584891137
0.000213626684854
0.00027270585997
0.000251656165347
0.000589677714743
0.00238469848409
0.00358054786921
0.000906544330064
0.00128525809851
0.00139591784682
0.00458348169923
0.000458769703982
0.0040282914415
0.00116773054469
0.000954271876253
0.00188340828754
0.00336140347645
0.00227045943029
0.00121919240337
0.00288953422569
0.000469195307232
0.001087581506
0.00179365708027
0.000276380160358
0.000995077076368
0.00262452894822
0.00255137775093
0.0032300488092
0.00367048243061
0.00364233390428
0.000427137827501
0.000524695846252
0.00377352605574
0.0020796272438
0.00183839595411
0.000446635996923
0.000359924335498
0.00153724348638
0.00148085318506
0.000868541479576
0.000207244389458
0.0014424379915
0.00107505137566
2.4112256142e-05
0.000295330275549
0.000606774527114
0.00226655206643
0.00157307251357
0.000387993175536
0.0024426120799
0.00157309952192
0.00394965196028
0.00139214389492
0.00177146971691
0.000140157761052
0.00263390014879
0.000768155266996
0.00158246199135
0.00388974207453
0.000523745140526
0.000468321959488
0.00153911102097
0.00165079045109
0.00160017050803
0.00085068854969
0.00173598225228
0.000176017012564
0.00211221911013
0.00163024361245
0.000336936413078
0.00101116264705
0.00127240642905
0.000291238597129
0.00202029873617
0.000700626231264
0.00160022836644
0.00325711513869
0.0011735240696
0.00254940357991
0.00118037720677
0.00151305366307
0.00178862130269
0.00349059258588
0.000336436089128
0.00135144172236
0.00036836869549
0.00119209988043
0.00209852447733
0.00117676262744
0.00192597031128
0.00266158534214
0.000875706493389
0.000763473566622
0.00187894073315
0.00289673451334
0.000579368846957
0.0021867856849
0.000787009485066
0.00112595967948
0.00316512514837
0.000428477214882
0.00179079652298
0.00180754461326
0.00277120457031
0.00126591103617
0.00323754525743
0.000859456893522
0.00271668704227
0.00114906299859
0.00409949477762
0.000989257707261
0.00281898630783
0.00403650430962
0.000967873842455
0.00123764236923
0.000965656363405
0.00156728143338
0.000120425160276
0.000180374947377
0.00283235032111
0.00160948582925
0.000785052718129
0.000672875437886
0.000597280042712
0.00114899140317
0.00107970193494
0.000673900300171
0.00190294126514
0.0012463950552
0.00330442842096
0.000835110608023
0.00215519755147
0.00189396017231
0.00345448567532
0.00164073402993
0.000465295073809
0.000480614369735
0.00174707639962
0.000329648872139
0.000271626980975
0.00313906581141
0.000981699326076
0.00037986037205
0.00253088166937
0.00303817307577
0.00393063761294
0.00176760728937
0.00189853622578
0.00245688785799
0.00209463108331
0.000348553527147
0.00597056560218
0.00244962098077
0.00472253141925
0.00167605804745
0.00207221438177
1.73746029759e-05
0.00170174590312
0.00185008719563
9.6922085504e-05
0.00139646697789
4.87822399009e-05
0.00056966842385
0.000782616552897
0.00139374029823
0.00151024118531
0.00220034224913
0.00370727619156
0.00297465431504
0.0018397346139
0.00126415060367
0.000620104779955
0.00371343875304
0.00123811606318
0.00121627643239
0.00151947175618
0.00101831019856
0.00139023945667
0.00197979691438
0.00130872637965
0.000513386446983
0.00215194467455
0.00201715668663
0.00423522852361
0.00448908703402
0.00114655739162
0.000555221864488
0.000491095182952
0.0017113465583
0.000494422100019
0.000635845877696
0.00296540907584
0.00115605571773
0.00299460906535
0.00159217254259
0.00162290770095
0.00156113365665
0.000540008186363
0.00249300594442
0.00296667194925
0.00328255351633
0.00121469213627
0.00137657334562
0.00288056279533
0.000178645204869
0.00201178016141
0.000315796496579
0.000514237966854
0.00100270623807
0.000647358363494
0.00257236161269
0.00119715358596
0.00293062953278
0.00661715865135
0.00189097365364
0.00213073380291
0.00120648252778
0.00175374234095
0.00126656983048
0.000998747069389
0.000350601243554
0.000431614811532
0.00149999256246
0.00159388815518
0.00491916621104
0.000686109764501
0.00211881054565
0.00171238416806
0.00166911270935
0.00354781420901
0.00144782511052
0.000254179962212
0.00292093749158
0.000378615863156
0.00309877097607
0.00139898154885
0.000972993380856
0.00362747558393
0.0013407189399
0.00107914558612
0.00204559997655
0.00210049469024
0.00207580300048
0.00168144307099
0.000876863545272
0.00124375580344
0.000948824512307
0.00403003953397
0.000721576216165
0.000562488683499
0.00247947499156
5.53092395421e-05
0.000398167321691
0.000909358554054
0.00136852136347
0.00312073947862
0.000896162644494
0.000837240018882
0.00181234057527
0.00306805525906
0.000405410217354
0.00107420806307
0.00119398406241
0.000597231963184
0.00153466628399
0.000236571911955
0.0012074012775
0.00208019954152
0.00168868468609
0.000298268452752
0.000778792542405
0.00166970712598
0.00123444874771
0.000909601221792
0.00167446164414
0.0012518169824
0.00194487685803
0.00122332887258
0.00222104182467
0.00207752757706
0.00202374951914
0.00167813955341
0.000119371987239
0.000933923816774
0.00082435971126
0.00184811698273
0.00113251979928
0.00439665419981
0.000506820855662
0.00123100366909
0.00381177780218
0.00128069461789
0.000739493756555
0.000316063698847
6.63783503114e-05
0.00157639349345
0.0072194323875
0.0013450490078
0.000841196510009
0.00199903431349
0.00213247467764
0.00178813992534
0.00294454535469
0.00189412105829
0.000409588537877
0.000348477740772
0.000634621479549
0.000659880053718
0.000322918553138
0.00240967073478
0.000406298669986
0.00146242929623
0.00170317746233
0.00378281064332
0.000807814358268
0.00114363105968
0.00106483662967
0.0014699625317
0.00268533802591
0.00116636347957
0.00114240823314
0.00124622718431
0.00460780179128
0.00455756857991
0.000938867975492
0.000956205069087
0.000510574725922
0.00275056855753
0.00126879522577
0.000782294024248
0.000342920655385
0.00131848710589
0.00193880312145
0.000103896381916
0.00140083255246
0.000170238679857
0.00182371458504
0.00254787690938
0.00135624082759
0.00134034291841
0.000535171537194
0.00203017727472
0.0018105416093
0.000853926292621
0.000640254816972
0.000593156903051
0.000421315780841
0.000568804156501
0.000281986809568
0.00127752870321
0.00261225062422
0.00210042740218
0.00221208785661
0.00359972496517
0.00119862530846
0.00295258872211
0.0017339423066
0.00140775647014
0.000558932079002
0.000841579923872
0.00257095647976
0.000357420765795
0.000190086022485
0.00139353296254
0.000613380572759
0.000943532213569
0.000970596796833
0.00223819562234
0.00208536512218
0.000900328624994
0.00571607518941
0.00318137742579
0.00361547665671
0.00110751600005
0.00298240361735
0.000905527034774
0.00187411520164
0.000994921778329
0.0039643580094
0.00134717358742
0.000611677009147
0.000283730536466
0.00119217042811
0.00028851555544
0.000860933156218
0.000377927353838
0.00247355410829
0.00135300890543
0.00147276080679
0.000624179141596
0.00289180129766
0.00338863860816
0.0017739131581
0.00248622940853
0.00202506175265
0.00253776693717
0.00369492825121
0.00135166244581
0.000921397586353
0.000274017511401
0.000451634317869
0.000350544985849
0.000730806321371
0.00154676905368
0.002397416858
0.00262013240717
0.000132384928293
0.00261970958672
0.0019720136188
0.000239910441451
0.00165690260474
0.000851685006637
0.00110200652853
0.000804021314252
0.00108864309732
0.00021875234961
0.00169983983506
0.00103748065885
0.000216000611545
0.000893675896805
0.0020479762461
0.00380309601314
0.00151130661834
0.00195734761655
0.00166987255216
0.00351312127896
0.000621433428023
0.000397619820433
0.000245334900683
1.08343856482e-05
0.000825628056191
0.00173957529478
0.000186749835848
0.0012611777056
0.0029971152544
0.000393425667426
0.00169246317819
0.0028579228092
0.000528772827238
0.00432663736865
0.00113322981633
0.000685363484081
0.0019586936105
0.00280001200736
0.00194743007887
0.0040292525664
0.000453202141216
0.00136880169157
0.00200960575603
5.38293934369e-05
0.000359315716196
8.39665226522e-05
0.00239000935107
0.00317431380972
0.00194851611741
0.0016044836957
0.00150833406951
0.000923881365452
0.000246410258114
0.00243203574792
7.8088050941e-05
0.000897742575034
0.00196296954527
0.00369080575183
0.00154180068057
0.00340905878693
0.000401459808927
0.00430654361844
0.000249898323091
0.00161280937027
0.000464904180262
0.00187359226402
0.000173816340975
0.00191659107804
0.000302681990433
0.000534295802936
0.00036916413228
4.01090619562e-05
0.00126401509624
0.000526606570929
0.00155947438907
0.00100523256697
0.0029014844913
0.00264866300859
0.000803930161055
0.000263026915491
0.000550389231648
0.00185446324758
0.000749834522139
0.000535750587005
0.00447959406301
0.00231348769739
0.000443491851911
0.00417866837233
0.00140801491216
0.00238264957443
0.00401339167729
0.000692384550348
0.00169899151661
0.00227527017705
0.00139637931716
0.00316183851101
0.0024269069545
0.00132520426996
0.000451800267911
0.00288877217099
0.00112206384074
0.00176462566014
0.000999889569357
0.00257605686784
0.000544278533198
0.00461774133146
0.00126882013865
0.000862152839545
0.00029453280149
0.00244168913923
0.00125264225062
0.00287802354433
0.00325355329551
0.00053947197739
0.00240392587148
0.00174748362042
0.00299247237854
0.00219509727322
0.00266294670291
0.00210992712528
0.000521698675584
0.00305015244521
0.00166766950861
0.00127285707276
0.00233638123609
0.000805113115348
0.00262752524577
0.000470113969641
0.00181090459228
0.000318998994771
0.00168227800168
0.0017206473276
0.00173456908669
0.00187542720232
0.000190224483958
0.00237618782558
0.000143147553899
0.00323015078902
0.00164788716938
0.00164187618066
0.00210957392119
0.00188576022629
0.000618417339865
0.00150234473404
0.0014145252062
0.000910118164029
0.00209457892925
0.000489136436954
0.00233692093752
0.0017617342528
0.000854265352245
0.00102551118471
0.00134076701943
0.000973948161118
0.00151010975242
0.00341755221598
0.000236070060055
0.00159276509658
0.000652935355902
4.02334917453e-05
0.00221612164751
0.00235985335894
0.000275752827292
0.000719773990568
0.000711717177182
0.000466494355351
0.00374692608602
0.000791270285845
0.000767346762586
0.00220719701611
0.000979993958026
0.000225915951887
0.00296874949709
0.00118638307322
0.000841208209749
0.000751565792598
0.00111375120468
0.00178548251279
0.00161162938457
0.00045326500549
0.00336417625658
0.00211952859536
0.00397186493501
0.00383581314236
0.00172146118712
0.00139507825952
0.00136004912201
0.00174843065906
0.000923766463529
0.00136943021789
0.000957501353696
0.000798237568233
0.000792414299212
0.000158638475114
0.00420314958319
0.000908869260456
0.00130302400794
0.00290050567128
0.000757739471737
0.0027654604055
0.000665031315293
0.00173609470949
0.000941908976529
0.000465328805149
0.00222879112698
0.00142794521526
0.00030534848338
0.0017105609877
0.00144068105146
0.000373789924197
0.000558089523111
0.000838719308376
0.0011484308634
0.00195567798801
0.00341954734176
0.00148902321234
0.00107404787559
0.00346268480644
0.0004693196679
0.00126714888029
0.000845262140501
0.00044375777361
0.000549179152586
0.00103032309562
0.00061325985007
0.000727160426322
0.00385908619501
0.000404291175073
0.00384770939127
0.00118740089238
0.00112819578499
0.000229148936342
0.00140508660115
0.000358530232916
0.00112355255987
0.00320035871118
0.000908761634491
0.00172422197647
0.000404004473239
0.00204289867543
1.97233766812e-05
0.00129218248185
0.000855816411786
0.00168233306613
0.0039382125251
0.00212794286199
0.000599052174948
0.000829865748528
0.00194810621906
0.00192048633471
0.000595927820541
0.00168895442039
0.00191819155589
0.00013766567281
0.000134780435474
0.00259958254173
0.00103702035267
0.00216754316352
0.000770720187575
0.00125469174236
0.00194931169972
0.00103852921166
0.00134430779144
0.000333764357492
0.000384312210372
0.00276216608472
0.00017915632634
0.000199706759304
0.000212923652725
0.00169450649992
0.000910033704713
0.00205113110133
0.001238044817
0.00179947225843
0.000459550879896
0.0012706881389
0.00127447908744
0.000773185165599
7.32346888981e-05
0.00212871003896
0.00159033352975
0.00169153849129
0.00151688302867
0.00057063519489
0.00115203065798
0.00513237249106
0.00188783498015
0.00116655998863
0.00161808624398
0.000475528649986
0.00242654187605
0.000500983558595
0.00112459808588
0.00096384563949
0.000236886306084
9.82548444881e-05
0.00125864055008
0.00300714932382
0.0057715899311
0.000598254380748
0.000586047302932
0.000804445589893
0.000928576162551
0.000581600121222
0.00110731471796
0.00139051594306
0.00101004133467
0.00106274511199
0.000867934315465
0.00472248950973
0.0045517263934
0.00055521709146
0.00174956081901
0.00243520806544
0.00159820646513
0.00130868505221
0.000647593406029
0.00115470204037
0.00175004079938
0.00195603468455
0.000536907231435
0.000931799353566
0.00131355063058
0.00214824383147
0.00242324639112
0.00311036780477
0.00182320585009
1.38520463224e-05
0.00179713824764
0.00175277970266
0.000371475267457
0.00170335767325
0.00175623665564
0.00100813596509
0.000298140541418
0.00101983861532
0.00324356625788
0.00151314772666
0.00410189153627
0.000167368489201
0.00138575641904
0.00157367275096
0.00369518622756
0.00343181518838
0.000519404537044
0.000922691600863
0.00224806088954
0.00167143077124
0.000472008920042
0.000739448645618
0.00199797726236
0.00194996758364
0.00320562440902
0.00268067442812
0.00160706078168
0.00533687602729
0.00190789799672
0.000451342057204
0.000520666188095
0.000667875108775
0.0010518002091
0.00204988592304
0.00132101203781
0.00114127702545
0.00230481242761
8.63494551595e-06
0.0023722986225
0.0025456729345
0.00109350448474
0.00151581782848
0.000539100496098
0.00035928314901
0.00197370001115
0.00142607174348
0.00285998731852
0.00278464355506
0.00141948950477
0.00203110068105
0.00214832508937
0.00136677827686
0.000121770004625
0.000814212660771
0.00248797563836
0.00212161033414
0.000293990160571
0.00104093702976
0.000343150633853
0.00151818222366
0.000402431265684
0.00149698008318
0.00332835339941
0.000954010640271
0.00297184986994
0.00235778139904
0.000796186213847
0.00344603694975
0.000533896032721
0.000642499770038
0.00329720112495
0.00349078536965
0.0016835242277
0.00167762755882
0.00121646304615
0.000361048761988
0.00315772928298
0.00180182710756
0.00207364233211
0.000368879176676
0.00179777061567
0.000515698397066
0.00104730715975
0.00132110377308
0.000349318957888
0.00103104568552
0.000938766810577
0.000305241934257
0.00349162332714
0.000178372341907
0.000484065094497
0.00152079749387
0.000743320793845
0.000871306983754
0.00169955531601
0.00102681654971
0.00254918960854
0.00194137019571
0.00126290041953
0.000306084286422
0.000855872000102
0.00145858421456
0.00143995333929
0.0023294291459
0.00166586716659
0.00614294037223
0.000689646985848
0.00151668710168
7.6666707173e-05
0.000388339278288
4.71220337204e-05
0.00132291938644
0.00196256046183
0.000509563367814
0.00287490105256
0.00321539118886
0.00220531364903
0.000382201600587
0.000827139476314
0.00114544201642
0.000248534837738
0.00117201486137
0.00154934253078
0.000140976771945
0.00250085024163
0.000423992431024
0.00164156442042
0.000139490017318
0.00355777749792
0.00045527581824
0.00240705697797
0.00214688875712
0.00111273920629
0.00122669758275
0.000409816944739
0.002118419623
0.00100485014264
0.00503638386726
0.00187971466221
0.00031324592419
0.0021442475263
0.00100268621463
0.00130705873016
0.00259064463899
0.00154777732678
0.000746844569221
0.00113458186388
0.00101736385841
0.000686450453941
0.000592374417465
0.00241232290864
0.000106178886199
0.000226814154303
0.00153333239723
0.00129747891333
0.000434523361037
0.00244905101135
0.00373875885271
0.00186432909686
0.00147475872654
0.000330886105075
0.000973595422693
0.00173681171145
0.0033493465744
0.00250792014413
0.000826057803351
0.00111157214269
0.00145807582885
0.00282392441295
0.00157148414291
0.000819295295514
0.00169194687624
0.0012405149173
0.0019243239658
0.00308015453629
0.000223353505135
3.81680329156e-05
0.00263502355665
0.00329366000369
0.0022722624708
0.00073016283568
0.00177170662209
0.00182993675116
0.00208749319427
0.000120508317195
0.00378512195311
0.00231842277572
0.00287530058995
0.000200869733817
0.000855470367242
0.000638909230474
0.0029615489766
0.00187285954598
0.000942784594372
0.000557501625735
0.00193238421343
0.00263576372527
0.000253857346252
0.00131502526347
0.00104550563265
0.00251038768329
0.00102867046371
0.00344238081016
0.00290184514597
0.00279391882941
0.00303360074759
8.39546191855e-05
0.0011604471365
0.000296256417641
0.000238017208176
0.000299448031001
0.00123968964908
0.00249069719575
0.00144229573198
0.00288548972458
0.0022580740042
0.000551214790903
0.00184620590881
0.00161373231094
0.000637180695776
0.00265355710872
8.31833494885e-06
0.000555193633772
0.00142365507782
0.00228774966672
0.00158646143973
0.00133558176458
0.00143247877713
0.00136326870415
0.000803079514299
0.0012430321658
0.00128798524383
0.00429427111521
0.00163572945166
0.00166961655486
0.000930430484004
0.00106642732862
0.000597432488576
0.00635620113462
0.00162874360103
0.00177806220017
0.00240243133157
0.000175234206836
0.00215381057933
0.00124144635629
0.000385122781154
0.00425492180511
0.000141586933751
0.000605747918598
0.000860950327478
0.0013300209539
0.000428226718213
0.000529380515218
0.000845835253131
0.000948288885411
0.000697702693287
0.000430179614341
0.00121772033162
0.00177426496521
0.000666655541863
0.00328585063107
0.00249308836646
0.0018704677932
0.000836933206301
0.00114008481614
0.000277431186987
0.000477371941088
0.00354947289452
0.00205160910264
0.000646502827294
0.00150660832878
0.000101524739875
0.000442769814981
0.000480990012875
0.000369657005649
0.000834731559735
0.00167327537201
0.00191389920656
0.00363757717423
0.00121405452956
0.0011449623853
0.00220473762602
0.00230694515631
0.000635301985312
0.00155705458019
0.00141189619899
0.000646644155495
0.000724834972061
0.000960774195846
0.00275096530095
0.00141757843085
0.00115766155068
0.00212018727325
0.0014952410711
0.000572500983253
0.000873170909472
0.00183672551066
0.0035688909702
0.00150059978478
0.000911386741791
0.00395991839468
0.0017997432733
0.00155202951282
0.00322538800538
0.00105907407124
0.00261991145089
0.0017126359744
0.00332021224312
0.00181687762961
0.00143942260183
0.00336567126215
0.00143108400516
0.0021853747312
0.00263708434068
0.00195080565754
0.000548572512344
0.000396019109758
0.000538597465493
0.000491046172101
0.000151876738528
0.00238089915365
0.000109150860226
0.000860491069034
0.000520954490639
0.00108573480975
0.000857591221575
0.000352338742232
0.000639952369966
0.00136489921715
0.000242050024099
0.00105691305362
0.0036268744152
0.00106612872332
0.000642011116724
0.00145786395296
0.00156504614279
0.00285692885518
0.00359378475696
0.000706298102159
0.000550713040866
0.000814856670331
0.00206108600833
0.000853470002767
0.000803277012892
0.0016963329399
0.00215851329267
0.000505418574903
0.00294592021964
0.00178660510574
0.000716729613487
0.0004455797025
0.000345359992934
0.000796542619355
0.000349842011929
4.38510796812e-05
0.00160376168787
6.84211408952e-05
0.00043779736734
0.00125498510897
0.00104709062725
7.23421253497e-05
0.00677050929517
0.00196731998585
0.00177872728091
0.00228175870143
0.000510708778165
0.0027954580728
0.00208161701448
0.000547508709133
0.00114223884884
0.000252062251093
0.00145267078187
0.00122263492085
0.000536786217708
0.000640672631562
0.000879063212778
0.00062677601818
0.000526288291439
0.000383103179047
0.00306785106659
0.000593409291469
0.00218002637848
0.0042329900898
0.00045701675117
9.92840869003e-05
0.000287391390884
0.00204141484573
0.00317766098306
0.00202338187955
0.000326088978909
7.14089901521e-06
0.000139509691508
0.00291277561337
0.000294883851893
0.00174004479777
0.00162182899658
0.00174510350917
0.000882102875039
0.00188902253285
0.000406994746299
0.00106758764014
0.000867638271302
0.003106336575
0.00202536932193
0.000816723331809
0.000861586420797
0.00126314442605
0.000673494825605
0.00433880230412
0.00123435200658
0.00192941457499
0.0052102515474
0.000793884217273
0.000420420925366
0.00109273940325
0.000742426957004
0.00176745164208
0.00270916009322
0.00221422477625
0.00134595099371
0.000718477473129
0.00152961164713
0.00144328572787
0.00429693935439
0.000596581085119
0.00122684787493
0.00153738155495
0.000294320372632
0.000349966081558
0.00123664713465
0.000543511472642
0.00150441715959
0.00140170531813
0.00457035424188
0.00212228950113
1.52830270963e-05
0.000573059602175
0.00198496691883
0.000417004193878
0.000449440965895
0.000789359968621
0.00107956398278
0.00169536890462
0.000101795572846
0.00344798061997
0.00313251861371
0.00303853419609
0.00105844903737
0.00218845810741
0.00065701600397
0.00146496575326
0.000629853631835
0.00304888375103
0.000326291657984
0.000728225160856
0.00113263179082
0.000653565337416
0.00195107550826
0.00235756626353
0.000100268036476
0.000253883947153
0.00245171179995
0.000350199843524
0.00106173718814
0.00315535534173
0.00236544921063
0.00191892951261
3.0094439353e-05
0.00111310451757
4.20070391556e-05
0.000270564865787
0.00157442688942
0.00141541101038
0.0018904178869
0.00261879060417
0.000974383554421
0.000142104749102
0.000961785495747
0.00120035815053
0.0019536067266
0.00152353395242
0.000809426652268
0.00057474093046
0.000516771164257
0.00145836791489
0.0019811866805
0.00109673268162
0.00205627339892
0.00232836720534
0.000947721942794
0.0010677666869
0.000571719312575
0.00276955147274
0.00134214852005
0.0045712897554
0.00300409109332
0.00130294368137
0.00217881286517
0.0012853826629
0.00103806878906
0.00163690350018
0.00284505076706
0.00287222350016
0.00114505214151
0.00281590619124
0.00131173699629
0.00179692427628
0.00437504658476
0.000939816411119
0.000717163959052
0.000421722710598
0.00161714735441
0.000610094401054
0.00621836259961
0.0012488613138
0.000495230022352
0.00103274476714
0.000816861749627
1.19008891488e-05
0.00241358065978
0.00077360146679
8.35988466861e-05
4.50883708254e-05
0.00169326493051
0.00108697591349
0.00152187584899
0.00408978480846
0.00282185547985
0.00194550980814
0.00174710573629
0.00233820569701
0.00137441651896
0.000801511632744
0.00067925977055
0.000111380621092
0.00150803197175
0.00142028590199
0.00316411070526
0.000124257901916
0.000373141694581
0.000650752452202
0.00340202799998
0.000850352633279
0.00136757921427
0.0016453411663
0.00106308737304
0.00254353391938
0.00145828945097
0.00118813675363
0.000205087664654
0.000533712096512
0.000271496566711
0.000673625327181
0.00144294416532
0.0024451832287
0.00296209938824
0.000262943969574
0.00226730643772
0.00103507109452
0.00153340154793
0.00499170366675
0.00124350190163
0.00138284801506
0.00198427471332
0.00187718693633
0.00195411848836
0.00223591318354
0.00178260530811
0.000530503923073
0.000736138143111
0.00165902334265
0.00340835261159
0.00603572558612
0.0020801499486
0.000964090693742
0.000775532156695
0.000280363397906
0.00161254487466
0.00109431520104
0.00119113735855
0.00136663299054
0.0019834395498
0.00134510279167
0.000628281501122
0.000995879294351
0.00234030466527
0.00370793603361
0.00357194663957
0.0019426929066
0.00329162320122
0.00100272311829
0.000172460757312
0.000400744116632
0.00160601572134
5.18560300407e-05
0.00167217815761
0.00273432442918
0.000306843838189
0.000433475652244
0.00344227347523
0.000295269361231
0.00179212971125
0.00157825811766
0.0020327817183
0.00083327293396
0.00685244612396
0.00276560685597
0.00174031686038
0.00562279857695
0.00350733101368
0.00169178366195
0.000498839654028
0.000117427698569
0.0010496864561
0.00119607639499
0.00127587863244
0.000938227400184
0.000817364023533
0.00109521870036
0.00055098294979
0.00120378134307
0.00073198787868
0.000680973287672
0.00103003869299
0.0013937818585
0.00105335644912
0.00277606467716
0.00178833573591
0.0017007663846
0.00137841131072
0.00106074498035
0.00102593540214
1.88536996575e-05
0.00137856439687
0.00278277532198
0.00368614145555
0.00140895845834
0.000669376866426
0.00195349263959
0.000111797482532
0.00141704478301
0.00120529416017
0.00213637854904
0.00191181607079
0.000103731967101
0.00467899441719
0.0017272408586
0.000603105349001
0.00133970356546
0.000987957697362
0.000841302622575
0.00126305234153
0.00210552103817
5.4438762163e-05
0.00403528427705
0.000965065904893
0.000395323790144
0.00195052335039
0.000690412765834
0.00152198062278
6.40868904611e-07
0.00331172393635
0.00197499990463
0.00260531250387
0.000727414910216
0.000552591460291
0.00342840980738
0.000498219218571
0.00042786236736
0.000327697314788
0.000615688622929
0.00181111507118
0.00379916653037
0.00264814822003
0.0011116421083
0.000347636116203
0.00225041178055
0.000993782421574
0.00116033805534
0.00368056027219
0.00100400170777
0.000908815185539
0.00123049272224
0.000417680916144
0.00164438202046
0.00136849249247
0.00118267792277
0.00104913907126
0.00314421812072
0.00199957890436
0.0025097290054
0.00117539661005
0.000673730799463
0.000424056139309
6.89773078193e-05
0.000320896477206
0.000527811876964
0.00129333359655
0.000874634715728
0.00107172271237
0.00081042596139
0.000253824109677
0.000235161744058
5.00591158925e-05
0.00163696799427
0.000579027284402
0.000426863873145
0.00109767203685
0.000276942737401
0.00129853968974
0.000704646343365
0.00122249033302
0.00257634441368
0.00187847937923
0.00111006922089
4.07972620451e-05
0.00129200634547
0.00312999822199
0.00136616604868
0.000781484239269
0.00242925970815
0.0014540386619
0.000296722137136
0.00112751335837
0.000275969039649
0.00167164381128
0.0023997137323
0.000350270158378
0.000706442748196
0.00132679031231
0.0042499168776
4.21326649303e-06
0.00325010274537
0.00024344715348
0.00153304135893
0.00249577406794
0.00244770431891
0.00235549313948
0.00310231512412
0.00197005760856
0.00314288819209
0.0014517888194
0.00152462883852
0.00159719027579
0.00151881889906
0.00201692245901
0.000994734698907
0.00160549022257
6.168402615e-05
0.000353266223101
0.00253620743752
0.000371390138753
0.000815528386738
0.00089659524383
0.00167381414212
0.0021432605572
0.000167506790604
0.00138048606459
0.000729029648937
0.00176289142109
0.00189093197696
0.000402169767767
0.000887031841557
0.000940543366596
0.00210611289367
0.000513754028361
0.00142063864041
0.000277069048025
0.000447180587798
0.000452975044027
0.000847718620207
0.000291101197945
0.00154865288641
0.000951487687416
0.00110689073335
0.000422544864705
0.000939718738664
0.00271717412397
0.00136571470648
0.00154705613386
0.00117349077482
0.000722647004295
0.000363923056284
0.000468596816063
0.00252036005259
0.00157931842841
0.000553750141989
0.00184210180305
0.00331180961803
0.00105794228148
0.00374024780467
0.00115442310926
0.000777128443588
0.000153729153681
0.000364918465493
0.000213588078623
0.00453803408891
0.00153786141891
0.000229808560107
0.00221073185094
0.000811598845758
0.0014963572612
0.000995672075078
0.00149411486927
0.00086648168508
0.0026451474987
0.00200841273181
0.00133664219175
0.00241928338073
0.000524474482518
0.00223635183647
0.00112266244832
0.000799604691565
0.000954800983891
0.00112013181206
0.00247503863648
0.00247925217263
0.00151342048775
0.00125632795971
0.000744100485463
0.0025699341204
0.00218886230141
0.00116460979916
0.000362939783372
0.0010733223753
0.00187331170309
0.00124105194118
1.75305722223e-05
0.000292381242616
0.000338617392117
0.000757502333727
0.00171389058232
0.00110753078479
0.00239309878089
0.00175889511593
0.000471262668725
0.000526444870047
0.00370204029605
0.00256758183241
0.00123891734984
0.00189945835155
0.000965660263319
0.000324204185745
0.00127198477276
0.000865638314281
0.00348627334461
0.00109311507549
0.00153453671373
0.00104846409522
0.000806971278507
0.00118616374675
0.00160567846615
0.00186837348156
0.00320265139453
0.00041657773545
0.00254129106179
0.00140727078542
0.000485372846015
6.0603942984e-06
0.000372989161406
0.000606951536611
0.00184218946379
0.000862908898853
0.00225682882592
5.534153388e-05
0.000102171943581
0.00153153797146
0.000527932483237
0.0019974054303
0.00203774683177
0.00259772618301
0.000575794721954
0.000557720370125
0.00125483062584
0.00159666058607
0.000752561143599
0.00179242598824
0.00117425480857
0.000873172306456
4.81902025058e-05
0.0021106719505
0.00204167398624
0.00110678188503
0.000251613440923
0.000365026091458
0.000656822696328
0.00101639213972
1.37747483677e-05
0.00485173799098
0.00101881660521
0.00223233969882
0.000881628016941
0.00022394998814
0.000626081367955
0.00098499993328
0.000346546265064
0.00200700992718
0.00266127358191
0.00198375759646
0.00022603420075
0.000565965543501
0.000203977688216
0.000122338489746
0.00187252892647
0.00153175962623
0.00168618361931
0.00106078723911
0.00131749128923
0.00275423726998
0.000730221101549
0.000493824016303
0.00314464583062
0.00123418343719
0.000980107812211
0.000495345389936
0.000935534597374
0.00128123024479
0.00161788833793
0.00224726856686
0.00093657639809
0.000126239276142
0.00109657389112
0.000336951314239
0.00327153573744
0.000560745189432
0.00168806873262
0.00113228277769
0.00326417433098
0.00425409385934
0.000397631258238
0.000547894567717
0.000310250266921
0.000670984445605
2.70593773166e-05
0.00215003546327
0.00120009703096
0.00188661529683
0.000960583856795
5.1179464208e-05
0.00126877729781
0.00097522768192
